3.127943472199607186e+03 nan
3.133389650585636900e+03 3.132216692177423068e-14
3.138835828971666615e+03 1.761197650710257948e-14
3.144282007357696330e+03 1.146959889278235683e-14
3.149728185743726044e+03 8.734104010101211382e-15
3.155174364129755759e+03 6.033654300186190651e-15
3.160620542515785473e+03 5.277577033421655583e-15
3.166066720901815188e+03 6.008566563174837332e-15
3.171512899287844903e+03 5.412948601807402592e-15
3.176959077673874617e+03 5.456353909742995122e-15
3.182405256059904332e+03 4.677510830307215965e-15
3.187851434445934046e+03 3.639675892059421539e-15
3.193297612831963761e+03 4.503931003837312523e-15
3.198743791217993476e+03 3.693924791655489104e-15
3.204189969604023190e+03 3.072000268443931015e-15
3.209636147990052905e+03 3.804709473844183432e-15
3.215082326376082619e+03 2.517372002227411240e-15
3.220528504762112334e+03 3.288308697621419715e-15
3.225974683148142049e+03 3.737750023122338718e-15
3.231420861534171763e+03 2.025702344715920275e-15
3.236867039920201478e+03 1.655419098165137294e-15
3.242313218306231192e+03 1.952452618462386960e-15
3.247759396692260907e+03 2.108780558016531350e-15
3.253205575078290622e+03 1.369082112301501067e-15
3.258651753464320336e+03 1.103314431775926432e-15
3.264097931850350051e+03 1.227833560724620042e-15
3.269544110236379765e+03 7.690256203241094139e-16
3.274990288622409480e+03 8.208804487775047765e-16
3.280436467008439195e+03 8.153634848804701823e-16
3.285882645394468909e+03 8.881224654748146621e-16
3.291328823780498624e+03 5.315984815285261544e-16
3.296775002166528338e+03 4.399887655160329194e-16
3.302221180552558053e+03 8.314918706430619431e-16
3.307667358938587768e+03 5.546012289198177467e-16
3.313113537324617482e+03 5.248028682961859171e-16
3.318559715710647197e+03 4.929904876924062916e-16
3.324005894096676911e+03 4.491690919199298939e-16
3.329452072482706626e+03 4.036588146808841216e-16
3.334898250868736341e+03 3.507648640353307587e-16
3.340344429254766055e+03 4.730928880352887999e-16
3.345790607640795770e+03 3.761906957996414569e-16
3.351236786026825484e+03 1.993579806717205266e-16
3.356682964412855199e+03 4.100478448309703997e-16
3.362129142798884914e+03 2.195558363030273014e-16
3.367575321184914628e+03 2.620980297000693831e-16
3.373021499570944343e+03 2.384349564860540594e-16
3.378467677956974057e+03 2.478038731670932198e-16
3.383913856343003772e+03 2.968228932815484418e-16
3.389360034729033487e+03 2.777228708672681379e-16
3.394806213115063201e+03 2.814635220223771135e-16
3.400252391501092916e+03 2.392961777471288335e-16
3.405698569887122630e+03 3.256020092097073502e-16
3.411144748273152345e+03 2.565742038931476154e-16
3.416590926659182060e+03 2.202339565167633817e-16
3.422037105045211774e+03 1.899407798775261580e-16
3.427483283431241489e+03 2.948879994743001450e-16
3.432929461817271203e+03 1.761671627755485266e-16
3.438375640203300918e+03 1.600839087496564425e-16
3.443821818589330633e+03 1.462963747052029191e-16
3.449267996975360347e+03 1.353045797304887910e-16
3.454714175361390062e+03 1.579224414500291322e-16
3.460160353747419776e+03 1.157529893399448571e-16
3.465606532133449491e+03 1.467710576896018543e-16
3.471052710519479206e+03 1.442426956785063997e-16
3.476498888905508920e+03 1.161065754061544321e-16
3.481945067291538635e+03 7.267389423386449556e-17
3.487391245677568349e+03 1.340190012955466236e-16
3.492837424063598064e+03 9.614601762129786251e-17
3.498283602449627779e+03 1.135220296295084910e-16
3.503729780835657493e+03 1.206658850906649403e-16
3.509175959221687208e+03 1.243017933271471018e-16
3.514622137607716923e+03 7.974029465286567699e-17
3.520068315993746637e+03 1.268249218939418166e-16
3.525514494379776352e+03 1.374798496597112356e-16
3.530960672765806066e+03 1.053806749213125425e-16
3.536406851151835781e+03 9.574932944833199235e-17
3.541853029537865496e+03 8.358886302270934422e-17
3.547299207923895210e+03 6.200304360446024468e-17
3.552745386309924925e+03 7.840823230274820143e-17
3.558191564695954639e+03 7.361569691676143286e-17
3.563637743081984354e+03 8.330719660821111581e-17
3.569083921468014069e+03 6.943887110788005820e-17
3.574530099854043783e+03 6.717191871480905262e-17
3.579976278240073498e+03 5.796814883961945159e-17
3.585422456626103212e+03 7.528985267893962519e-17
3.590868635012132927e+03 8.671239061721841362e-17
3.596314813398162642e+03 8.210412063494087068e-17
3.601760991784192356e+03 6.223850805440260564e-17
3.607207170170222071e+03 6.260650842461198076e-17
3.612653348556251785e+03 5.049740391276621904e-17
3.618099526942281500e+03 5.115449781298935301e-17
3.623545705328311215e+03 7.866200266413964647e-17
3.628991883714340929e+03 7.291316707053595813e-17
3.634438062100370644e+03 8.177003295828603319e-17
3.639884240486400358e+03 7.483456815356045372e-17
3.645330418872430073e+03 6.031437434078526760e-17
3.650776597258459788e+03 4.716597182450793054e-17
3.656222775644489502e+03 6.567878112121118427e-17
3.661668954030519217e+03 6.253223925033441891e-17
3.667115132416548931e+03 4.724271192225738115e-17
3.672561310802578646e+03 5.655914059061730807e-17
3.678007489188608361e+03 4.775985781098731557e-17
3.683453667574638075e+03 6.974853816191487308e-17
3.688899845960667790e+03 5.620220276205633025e-17
3.694346024346697504e+03 5.121484169750309289e-17
3.699792202732727219e+03 4.920247062598718144e-17
3.705238381118756934e+03 4.588305532051098499e-17
3.710684559504786648e+03 5.290794611399531360e-17
3.716130737890816363e+03 4.427031730914626592e-17
3.721576916276846077e+03 3.846542649543147426e-17
3.727023094662875792e+03 3.797863456914443950e-17
3.732469273048905507e+03 4.221140041271935473e-17
3.737915451434935221e+03 2.982379182462345803e-17
3.743361629820964936e+03 2.798652987183234711e-17
3.748807808206994650e+03 2.709566701997478601e-17
3.754253986593024365e+03 4.485687437655806086e-17
3.759700164979054080e+03 3.553133941252226184e-17
3.765146343365083794e+03 3.107836228985143923e-17
3.770592521751113509e+03 2.315186076663876625e-17
3.776038700137143223e+03 2.738439960452764746e-17
3.781484878523172938e+03 3.530573051983289047e-17
3.786931056909202653e+03 3.164201220239370868e-17
3.792377235295232367e+03 4.510367523051534977e-17
3.797823413681262082e+03 3.652478852124671913e-17
3.803269592067291796e+03 3.117243854661084761e-17
3.808715770453321511e+03 3.660093280134883265e-17
3.814161948839351226e+03 3.413108631296708191e-17
3.819608127225380940e+03 2.610702681328140518e-17
3.825054305611410655e+03 2.852537379807705940e-17
3.830500483997440369e+03 3.155374540670694009e-17
3.835946662383470084e+03 3.556574845678132510e-17
3.841392840769499799e+03 2.459739524077970841e-17
3.846839019155529513e+03 1.951239130169195307e-17
3.852285197541559228e+03 2.746014892637705070e-17
3.857731375927588942e+03 2.262942826456574154e-17
3.863177554313618657e+03 1.724567643382476722e-17
3.868623732699648372e+03 2.042001714211933193e-17
3.874069911085678086e+03 2.863264599020320611e-17
3.879516089471707801e+03 2.589460886724338513e-17
3.884962267857737515e+03 2.342444839914566029e-17
3.890408446243767230e+03 2.965665991083282837e-17
3.895854624629796945e+03 2.858909561072564426e-17
3.901300803015826659e+03 2.041516787860141801e-17
3.906746981401856374e+03 2.903419360792451499e-17
3.912193159787886088e+03 2.897708062912636508e-17
3.917639338173915803e+03 2.612924768609135877e-17
3.923085516559945518e+03 2.279050284422587947e-17
3.928531694945975232e+03 2.655543731946850610e-17
3.933977873332004947e+03 1.898044141036265526e-17
3.939424051718034661e+03 2.638397987984745664e-17
3.944870230104064376e+03 2.937428669887843533e-17
3.950316408490094091e+03 2.173007566830410588e-17
3.955762586876123805e+03 2.538481376913757581e-17
3.961208765262153520e+03 2.379328827078515626e-17
3.966654943648183234e+03 2.785554969524950887e-17
3.972101122034212949e+03 2.125252149879227655e-17
3.977547300420242664e+03 2.089278634511957186e-17
3.982993478806272378e+03 2.712946217693079021e-17
3.988439657192302093e+03 2.247557060379597038e-17
3.993885835578331807e+03 2.216713422487119055e-17
3.999332013964361522e+03 2.500064366788743515e-17
4.004778192350391237e+03 2.663725135852498633e-17
4.010224370736420951e+03 2.867219114041120798e-17
4.015670549122450666e+03 2.375657044101498593e-17
4.021116727508480380e+03 2.490438529681581289e-17
4.026562905894510095e+03 2.146448571465955578e-17
4.032009084280539810e+03 3.077953336044505473e-17
4.037455262666569524e+03 2.731983100441217330e-17
4.042901441052599239e+03 2.813778907826307126e-17
4.048347619438628954e+03 2.757449178314168569e-17
4.053793797824658668e+03 2.056360299570911186e-17
4.059239976210688383e+03 2.993489105590390595e-17
4.064686154596718097e+03 2.464741034689813646e-17
4.070132332982747812e+03 2.279077292205599100e-17
4.075578511368777527e+03 2.317986048929444515e-17
4.081024689754807241e+03 2.641528811123095114e-17
4.086470868140836956e+03 1.682153905619065514e-17
4.091917046526866670e+03 2.338902704980813370e-17
4.097363224912896840e+03 2.981875614642242040e-17
4.102809403298926554e+03 2.652882045866028985e-17
4.108255581684956269e+03 2.561844224056559543e-17
4.113701760070985983e+03 2.353938479250036876e-17
4.119147938457015698e+03 3.339710545669573835e-17
4.124594116843045413e+03 3.574004793204674873e-17
4.130040295229075127e+03 2.382658444252588540e-17
4.135486473615104842e+03 2.444893510347071801e-17
4.140932652001134556e+03 3.034576129232930396e-17
4.146378830387164271e+03 3.051926322232673524e-17
4.151825008773193986e+03 2.276127353218364428e-17
4.157271187159223700e+03 2.559796775558341615e-17
4.162717365545253415e+03 2.506227729653338123e-17
4.168163543931283129e+03 2.664582129040783103e-17
4.173609722317312844e+03 2.314390633370410569e-17
4.179055900703342559e+03 1.968165183502589574e-17
4.184502079089372273e+03 1.808152834038592696e-17
4.189948257475401988e+03 2.452299987753006362e-17
4.195394435861431703e+03 2.406242080442419892e-17
4.200840614247461417e+03 2.855152090425400592e-17
4.206286792633491132e+03 2.873367876247426736e-17
4.211732971019520846e+03 2.307564774595293412e-17
4.217179149405550561e+03 1.773294300952155847e-17
4.222625327791580276e+03 1.900593220735906975e-17
4.228071506177609990e+03 2.284882009220527424e-17
4.233517684563639705e+03 1.707154598091816297e-17
4.238963862949669419e+03 2.101352629665355577e-17
4.244410041335699134e+03 2.275243075489031437e-17
4.249856219721728849e+03 2.146118655304069837e-17
4.255302398107758563e+03 2.005921731355438160e-17
4.260748576493788278e+03 2.685551828621124167e-17
4.266194754879817992e+03 2.300717509001789495e-17
4.271640933265847707e+03 2.196004327088471453e-17
4.277087111651877422e+03 2.176295720334004855e-17
4.282533290037907136e+03 1.724201795769207548e-17
4.287979468423936851e+03 2.364969213647652255e-17
4.293425646809966565e+03 1.637772469588306816e-17
4.298871825195996280e+03 1.928473020861076073e-17
4.304318003582025995e+03 2.162519106238138943e-17
4.309764181968055709e+03 2.327564648423743672e-17
4.315210360354085424e+03 1.676960405479004614e-17
4.320656538740115138e+03 1.883173016350770105e-17
4.326102717126144853e+03 1.341305795644717624e-17
4.331548895512174568e+03 1.617359175211927844e-17
4.336995073898204282e+03 2.134647662360027307e-17
4.342441252284233997e+03 2.025970027122411970e-17
4.347887430670263711e+03 1.740784085625987099e-17
4.353333609056293426e+03 1.692103250300025205e-17
4.358779787442323141e+03 1.976815178414825030e-17
4.364225965828352855e+03 2.117102830806436860e-17
4.369672144214382570e+03 1.577006038310291542e-17
4.375118322600412284e+03 2.138463150541748248e-17
4.380564500986441999e+03 1.637976067874134700e-17
4.386010679372471714e+03 1.981710146132364195e-17
4.391456857758501428e+03 2.174533657578068030e-17
4.396903036144531143e+03 1.804415602523266339e-17
4.402349214530560857e+03 2.236766163743581330e-17
4.407795392916590572e+03 2.253517037739881556e-17
4.413241571302620287e+03 1.783100125627100959e-17
4.418687749688650001e+03 1.548456732250944685e-17
4.424133928074679716e+03 2.152173822126973846e-17
4.429580106460709430e+03 1.973092486962243025e-17
4.435026284846739145e+03 1.624140455769507008e-17
4.440472463232768860e+03 2.016767482751997195e-17
4.445918641618798574e+03 1.969429332117152609e-17
4.451364820004828289e+03 2.084889875528987656e-17
4.456810998390858003e+03 2.363249820835567315e-17
4.462257176776887718e+03 2.330303809831965725e-17
4.467703355162917433e+03 2.289343573965752596e-17
4.473149533548947147e+03 1.902160962519343797e-17
4.478595711934976862e+03 1.589593698275071886e-17
4.484041890321006576e+03 2.259739303180385028e-17
4.489488068707036291e+03 2.600348344922389232e-17
4.494934247093066006e+03 2.226412230418806849e-17
4.500380425479095720e+03 1.856635884569721078e-17
4.505826603865125435e+03 1.638422669143744533e-17
4.511272782251155149e+03 1.807866661835034040e-17
4.516718960637184864e+03 2.326151151289711351e-17
4.522165139023214579e+03 2.330789973457819797e-17
4.527611317409244293e+03 2.039213950245009054e-17
4.533057495795274008e+03 1.973431104925797007e-17
4.538503674181303722e+03 1.755899984865472762e-17
4.543949852567333437e+03 1.379186131675049222e-17
4.549396030953363152e+03 1.735457134545113479e-17
4.554842209339392866e+03 1.682908079320623748e-17
4.560288387725422581e+03 1.545289470719724341e-17
4.565734566111452295e+03 1.675123564508622022e-17
4.571180744497482010e+03 1.525430100866478508e-17
4.576626922883511725e+03 1.793839767786036114e-17
4.582073101269541439e+03 1.868194225504753779e-17
4.587519279655571154e+03 2.231093714704200497e-17
4.592965458041600868e+03 2.397125401984482434e-17
4.598411636427630583e+03 1.662484695957469474e-17
4.603857814813660298e+03 1.994933847905643584e-17
4.609303993199690012e+03 2.245052672228031651e-17
4.614750171585719727e+03 2.556273972514018622e-17
4.620196349971749441e+03 2.281955729671647335e-17
4.625642528357779156e+03 2.054159593862770990e-17
4.631088706743808871e+03 2.370666144888074704e-17
4.636534885129838585e+03 2.811846817364768368e-17
4.641981063515868300e+03 2.347627493002134193e-17
4.647427241901898014e+03 2.998912916591404204e-17
4.652873420287927729e+03 3.082487911839740558e-17
4.658319598673957444e+03 3.175347734752661074e-17
4.663765777059987158e+03 3.099634009347450545e-17
4.669211955446016873e+03 3.443419954213874085e-17
4.674658133832046587e+03 3.244246454573365567e-17
4.680104312218076302e+03 3.099701957485686145e-17
4.685550490604106017e+03 3.474229508740912069e-17
4.690996668990135731e+03 3.644081560769018053e-17
4.696442847376165446e+03 3.703318788636142883e-17
4.701889025762195160e+03 3.798265134318767039e-17
4.707335204148224875e+03 3.457719627845211621e-17
4.712781382534254590e+03 3.386846733803003217e-17
4.718227560920284304e+03 3.781240595570135343e-17
4.723673739306314019e+03 3.905679917000160408e-17
4.729119917692343734e+03 3.598328431160431031e-17
4.734566096078373448e+03 3.762739024034906444e-17
4.740012274464403163e+03 3.690094600570437927e-17
4.745458452850432877e+03 3.869818897173715089e-17
4.750904631236462592e+03 4.212410870108278521e-17
4.756350809622492307e+03 3.594797049124267313e-17
4.761796988008522021e+03 3.833621459972413874e-17
4.767243166394551736e+03 3.989898038657995293e-17
4.772689344780581450e+03 3.157725355075636093e-17
4.778135523166611165e+03 3.504981448885299132e-17
4.783581701552640880e+03 3.431985283769074255e-17
4.789027879938670594e+03 3.476597093018530610e-17
4.794474058324700309e+03 3.649177221987073837e-17
4.799920236710730023e+03 3.168199758856982217e-17
4.805366415096759738e+03 3.032515082904269637e-17
4.810812593482789453e+03 3.065527318201083197e-17
4.816258771868819167e+03 3.182609471454670461e-17
4.821704950254848882e+03 3.766662809848948560e-17
4.827151128640878596e+03 2.902072656557722910e-17
4.832597307026908311e+03 2.783511057233652603e-17
4.838043485412938026e+03 3.228568956865053905e-17
4.843489663798967740e+03 2.820901214040519425e-17
4.848935842184997455e+03 2.655972535880001896e-17
4.854382020571027169e+03 2.336091690570140360e-17
4.859828198957056884e+03 2.818651308249052390e-17
4.865274377343086599e+03 2.976502022432668483e-17
4.870720555729116313e+03 2.902661317831273608e-17
4.876166734115146028e+03 2.639684519974258488e-17
4.881612912501175742e+03 2.904323248543385900e-17
4.887059090887205457e+03 2.209713359865087483e-17
4.892505269273235172e+03 2.631925318146961316e-17
4.897951447659264886e+03 2.322172747461840183e-17
4.903397626045294601e+03 3.132951407610085885e-17
4.908843804431324315e+03 2.620136597972381062e-17
4.914289982817354030e+03 2.740656275095775986e-17
4.919736161203383745e+03 3.147312820279973089e-17
4.925182339589413459e+03 2.637977408110229586e-17
4.930628517975443174e+03 2.553903504256817869e-17
4.936074696361472888e+03 3.772011103364839285e-17
4.941520874747502603e+03 3.748080041679772701e-17
4.946967053133532318e+03 4.175893746337065509e-17
4.952413231519562032e+03 4.861229516849916316e-17
4.957859409905591747e+03 4.354648233846204833e-17
4.963305588291621461e+03 5.841213484525930710e-17
4.968751766677651176e+03 6.028835739715715476e-17
4.974197945063680891e+03 5.173177249763284370e-17
4.979644123449710605e+03 5.003078320492538735e-17
4.985090301835740320e+03 4.096953274786975478e-17
4.990536480221770034e+03 4.946776336417149773e-17
4.995982658607799749e+03 3.908166106961060505e-17
5.001428836993829464e+03 4.666738374485434512e-17
5.006875015379859178e+03 4.882323692831372238e-17
5.012321193765888893e+03 4.141632858609532976e-17
5.017767372151918607e+03 3.361695233104800671e-17
5.023213550537948322e+03 2.894363703495923022e-17
5.028659728923978037e+03 4.506289223399248722e-17
5.034105907310007751e+03 5.299432419999627750e-17
5.039552085696037466e+03 5.642605697382708347e-17
5.044998264082067180e+03 5.217453209490337402e-17
5.050444442468096895e+03 4.543313779987214411e-17
5.055890620854126610e+03 5.405290250668546624e-17
5.061336799240156324e+03 4.013968989797955671e-17
5.066782977626186039e+03 4.035268475264875183e-17
5.072229156012215753e+03 4.449414646956208010e-17
5.077675334398245468e+03 4.270294509719507358e-17
5.083121512784275183e+03 4.370276380168095437e-17
5.088567691170304897e+03 4.373102084248095081e-17
5.094013869556334612e+03 4.928130064707284863e-17
5.099460047942364326e+03 4.607022373840278827e-17
5.104906226328394041e+03 4.676496153273260605e-17
5.110352404714423756e+03 4.344815352383332761e-17
5.115798583100453470e+03 3.996079536856094112e-17
5.121244761486483185e+03 4.611937418820834386e-17
5.126690939872512899e+03 3.654198124722145207e-17
5.132137118258542614e+03 3.548694177120490577e-17
5.137583296644572329e+03 3.141515548977438587e-17
5.143029475030602043e+03 3.279484881884277056e-17
5.148475653416631758e+03 3.425080678880451373e-17
5.153921831802661472e+03 2.879743384815266291e-17
5.159368010188691187e+03 3.009428592889697071e-17
5.164814188574720902e+03 3.308404203300632397e-17
5.170260366960750616e+03 3.411418287158086840e-17
5.175706545346780331e+03 2.910506716943982519e-17
5.181152723732810045e+03 3.677857794393777945e-17
5.186598902118839760e+03 3.275495568369127340e-17
5.192045080504869475e+03 3.367174016129255433e-17
5.197491258890899189e+03 3.068245594454750623e-17
5.202937437276928904e+03 3.183612315592398083e-17
5.208383615662958618e+03 3.233178151289502677e-17
5.213829794048988333e+03 2.778099535503864447e-17
5.219275972435018048e+03 3.054179353149275522e-17
5.224722150821047762e+03 3.721099320456845974e-17
5.230168329207077477e+03 4.028952641446226034e-17
5.235614507593107191e+03 3.804958320315212756e-17
5.241060685979136906e+03 3.475456828183240225e-17
5.246506864365166621e+03 3.213651596111717836e-17
5.251953042751196335e+03 3.217733080042042282e-17
5.257399221137226050e+03 3.806831893199222841e-17
5.262845399523255765e+03 3.671483776735622122e-17
5.268291577909285479e+03 3.778121229910977710e-17
5.273737756295315194e+03 3.609211155702430093e-17
5.279183934681344908e+03 3.365157515125758472e-17
5.284630113067374623e+03 3.591138781919997179e-17
5.290076291453404338e+03 3.745063677255824512e-17
5.295522469839434052e+03 3.200591016481689209e-17
5.300968648225463767e+03 2.968802168528368564e-17
5.306414826611493481e+03 3.746940361828091604e-17
5.311861004997523196e+03 4.509433721999418982e-17
5.317307183383552911e+03 3.839289215068234231e-17
5.322753361769582625e+03 3.553253899159488936e-17
5.328199540155612340e+03 3.834923543523505862e-17
5.333645718541642054e+03 4.174364850236737667e-17
5.339091896927671769e+03 3.678613539365479447e-17
5.344538075313701484e+03 3.728260788624119905e-17
5.349984253699731198e+03 4.306013864338452741e-17
5.355430432085760913e+03 3.866212332066348358e-17
5.360876610471790627e+03 4.489873837746261815e-17
5.366322788857820342e+03 3.077676380695724397e-17
5.371768967243850057e+03 4.141482083202296011e-17
5.377215145629879771e+03 4.579518172954838854e-17
5.382661324015909486e+03 4.619580910448428081e-17
5.388107502401939200e+03 4.574818925089622686e-17
5.393553680787968915e+03 4.995711167947470935e-17
5.398999859173998630e+03 4.002654992421729351e-17
5.404446037560028344e+03 4.672285001422649878e-17
5.409892215946058059e+03 4.375581500315536644e-17
5.415338394332087773e+03 4.581638687130609867e-17
5.420784572718117488e+03 4.491477923249256854e-17
5.426230751104147203e+03 4.800797149987798838e-17
5.431676929490176917e+03 4.433745145054727570e-17
5.437123107876206632e+03 4.794763113670870514e-17
5.442569286262236346e+03 4.748595906427845253e-17
5.448015464648266061e+03 4.489747545228795038e-17
5.453461643034295776e+03 4.594595684502019835e-17
5.458907821420325490e+03 5.083379592644994364e-17
5.464353999806355205e+03 5.316555389912118328e-17
5.469800178192384919e+03 4.760224834898374341e-17
5.475246356578414634e+03 5.221366537995046838e-17
5.480692534964444349e+03 4.761394416195036651e-17
5.486138713350474063e+03 4.558164959655703153e-17
5.491584891736503778e+03 4.392050255022534649e-17
5.497031070122533492e+03 4.610562620880019593e-17
5.502477248508563207e+03 4.502638331070874650e-17
5.507923426894592922e+03 4.579072186525648931e-17
5.513369605280622636e+03 5.402584081099240102e-17
5.518815783666652351e+03 5.074310271702067207e-17
5.524261962052682065e+03 4.595520247603071389e-17
5.529708140438711780e+03 5.475159444390709114e-17
5.535154318824741495e+03 5.113152943630140751e-17
5.540600497210771209e+03 4.816069981788226468e-17
5.546046675596800924e+03 4.670253526372417473e-17
5.551492853982830638e+03 4.772347454769679952e-17
5.556939032368860353e+03 4.114412128808175382e-17
5.562385210754890068e+03 4.194827331932988036e-17
5.567831389140919782e+03 4.762813416975079239e-17
5.573277567526949497e+03 3.760366872808348645e-17
5.578723745912979211e+03 4.108886284563022974e-17
5.584169924299008926e+03 3.773151276630351409e-17
5.589616102685038641e+03 3.655458215646402233e-17
5.595062281071068355e+03 3.805130816552906827e-17
5.600508459457098070e+03 3.701647820232870760e-17
5.605954637843127784e+03 4.318952640927878627e-17
5.611400816229157499e+03 4.472109278901849799e-17
5.616846994615187214e+03 4.258190139666385744e-17
5.622293173001216928e+03 3.955043792285188889e-17
5.627739351387246643e+03 4.370547414025362587e-17
5.633185529773276357e+03 4.564427551003416153e-17
5.638631708159306072e+03 5.097898995049987331e-17
5.644077886545335787e+03 3.954983108087494208e-17
5.649524064931365501e+03 4.320302099835362047e-17
5.654970243317395216e+03 4.804966191648453573e-17
5.660416421703424930e+03 4.227308439318697262e-17
5.665862600089454645e+03 4.119320126698241910e-17
5.671308778475484360e+03 4.907833602638351421e-17
5.676754956861514074e+03 4.425566194322712072e-17
5.682201135247543789e+03 5.220884405043004645e-17
5.687647313633573503e+03 4.125858133230991986e-17
5.693093492019603218e+03 3.782459103367623587e-17
5.698539670405632933e+03 3.724976587857868508e-17
5.703985848791662647e+03 4.555583777917940132e-17
5.709432027177692362e+03 4.460574871369735486e-17
5.714878205563722076e+03 4.089991334582411974e-17
5.720324383949751791e+03 4.510450123944284592e-17
5.725770562335781506e+03 3.967609801808686313e-17
5.731216740721811220e+03 4.232266954975079412e-17
5.736662919107840935e+03 3.324119264825913460e-17
5.742109097493870649e+03 3.767292249069263216e-17
5.747555275879900364e+03 4.041003232491848528e-17
5.753001454265930079e+03 3.627481199204176248e-17
5.758447632651959793e+03 4.095319959297574226e-17
5.763893811037989508e+03 4.231100639239338823e-17
5.769339989424019222e+03 3.549977611706216566e-17
5.774786167810048937e+03 3.992820404435978520e-17
5.780232346196078652e+03 3.514740259263961637e-17
5.785678524582108366e+03 4.262606670786307993e-17
5.791124702968138081e+03 4.387388405533914152e-17
5.796570881354167796e+03 4.447750482109890366e-17
5.802017059740197510e+03 3.913979069067716978e-17
5.807463238126227225e+03 4.023355519589606313e-17
5.812909416512256939e+03 3.474309218747235549e-17
5.818355594898286654e+03 4.420040392203594820e-17
5.823801773284316369e+03 3.650605641691541983e-17
5.829247951670346083e+03 4.442188353923076510e-17
5.834694130056375798e+03 3.948989557201691737e-17
5.840140308442405512e+03 3.368674626831168546e-17
5.845586486828435227e+03 3.518438559325444225e-17
5.851032665214464942e+03 3.177633746019337803e-17
5.856478843600494656e+03 3.623723301344843381e-17
5.861925021986524371e+03 3.280819476848138081e-17
5.867371200372554085e+03 3.305075892260201525e-17
5.872817378758583800e+03 3.126110281515367289e-17
5.878263557144613515e+03 3.045071113562183897e-17
5.883709735530643229e+03 3.323490086460962683e-17
5.889155913916672944e+03 3.712331187468813000e-17
5.894602092302702658e+03 3.440591833095265839e-17
5.900048270688732373e+03 3.374653006581456275e-17
5.905494449074762088e+03 2.941512350305857093e-17
5.910940627460791802e+03 2.818355571218995810e-17
5.916386805846821517e+03 2.358547926381079078e-17
5.921832984232851231e+03 2.379975838626628225e-17
5.927279162618880946e+03 2.752387290229958426e-17
5.932725341004910661e+03 2.954074342343322664e-17
5.938171519390940375e+03 3.031934527138127210e-17
5.943617697776970090e+03 3.195877753252917012e-17
5.949063876162999804e+03 3.010610217646664931e-17
5.954510054549029519e+03 2.830373052811933792e-17
5.959956232935059234e+03 2.888784564943523073e-17
5.965402411321088948e+03 3.476801402853080122e-17
5.970848589707118663e+03 3.801007363010724270e-17
5.976294768093148377e+03 4.032637297057785859e-17
5.981740946479178092e+03 4.386802399912713326e-17
5.987187124865207807e+03 4.864284544688824152e-17
5.992633303251237521e+03 4.722234962927863450e-17
5.998079481637267236e+03 4.569546339237486249e-17
6.003525660023296950e+03 4.817243303957577610e-17
6.008971838409326665e+03 5.212361751850570814e-17
6.014418016795356380e+03 5.580390848575236681e-17
6.019864195181386094e+03 5.871485013357117186e-17
6.025310373567415809e+03 5.836240776287559402e-17
6.030756551953445523e+03 4.960308717149693958e-17
6.036202730339475238e+03 5.264801244627733655e-17
6.041648908725504953e+03 5.188568843320050795e-17
6.047095087111534667e+03 5.033736326910068118e-17
6.052541265497564382e+03 5.426892626787444880e-17
6.057987443883594096e+03 5.141188660305044497e-17
6.063433622269623811e+03 5.527450110306311259e-17
6.068879800655653526e+03 5.395990927791924290e-17
6.074325979041683240e+03 5.334155707966446889e-17
6.079772157427712955e+03 6.027591590156226904e-17
6.085218335813742669e+03 5.537568125554775122e-17
6.090664514199772384e+03 5.555750660477213695e-17
6.096110692585802099e+03 6.017786122646538427e-17
6.101556870971831813e+03 5.349454505312216710e-17
6.107003049357861528e+03 5.433348926701750857e-17
6.112449227743891242e+03 5.351626345522689368e-17
6.117895406129920957e+03 5.780305918592411862e-17
6.123341584515950672e+03 5.331890575673936093e-17
6.128787762901980386e+03 5.259839280074835781e-17
6.134233941288010101e+03 5.260025672989864198e-17
6.139680119674039815e+03 5.278736369879226259e-17
6.145126298060069530e+03 4.938414983084218877e-17
6.150572476446099245e+03 5.183601811804261392e-17
6.156018654832128959e+03 4.801492154032984479e-17
6.161464833218158674e+03 4.393585328091600956e-17
6.166911011604188388e+03 4.198849771807731093e-17
6.172357189990218103e+03 4.285649706364433628e-17
6.177803368376247818e+03 4.735510251330235303e-17
6.183249546762277532e+03 4.121924836140677979e-17
6.188695725148307247e+03 4.154260395317768244e-17
6.194141903534336961e+03 4.419788641540627206e-17
6.199588081920366676e+03 3.941841775188714780e-17
6.205034260306396391e+03 3.581053350952588414e-17
6.210480438692426105e+03 3.725639916533680910e-17
6.215926617078455820e+03 3.311154788644484652e-17
6.221372795464485534e+03 3.600319031148223211e-17
6.226818973850515249e+03 4.117948263857105894e-17
6.232265152236544964e+03 3.949509604312602487e-17
6.237711330622574678e+03 3.694583793711273222e-17
6.243157509008604393e+03 3.831900389588688845e-17
6.248603687394634107e+03 3.711256446132869839e-17
6.254049865780663822e+03 3.452897939957538611e-17
6.259496044166693537e+03 3.970979602432796187e-17
6.264942222552723251e+03 3.764188919465331188e-17
6.270388400938752966e+03 3.770467500552142007e-17
6.275834579324782680e+03 3.875203738964882808e-17
6.281280757710812395e+03 3.963753358480319769e-17
6.286726936096842110e+03 3.658874588005587407e-17
6.292173114482871824e+03 4.005474484743849286e-17
6.297619292868901539e+03 3.821658069670892395e-17
6.303065471254931253e+03 3.728972104395791827e-17
6.308511649640960968e+03 3.915630099408598960e-17
6.313957828026990683e+03 3.518768015244853176e-17
6.319404006413020397e+03 4.028661439363649064e-17
6.324850184799050112e+03 3.786139639700030555e-17
6.330296363185079827e+03 3.986808756202939067e-17
6.335742541571109541e+03 4.127453045459196909e-17
6.341188719957139256e+03 3.851188071569813895e-17
6.346634898343168970e+03 4.244585008959104985e-17
6.352081076729198685e+03 4.095233401287376861e-17
6.357527255115228400e+03 4.104876853013706646e-17
6.362973433501258114e+03 4.055945908832652200e-17
6.368419611887287829e+03 4.128826393845964030e-17
6.373865790273317543e+03 4.104896934066077720e-17
6.379311968659347258e+03 4.666070090122135925e-17
6.384758147045376973e+03 4.460018778414145198e-17
6.390204325431406687e+03 4.182651214275973466e-17
6.395650503817436402e+03 5.002739267632661850e-17
6.401096682203466116e+03 4.936845612967906653e-17
6.406542860589495831e+03 4.814458490702042095e-17
6.411989038975525546e+03 5.019685381184615922e-17
6.417435217361555260e+03 4.977745015748755796e-17
6.422881395747584975e+03 4.601083883648736098e-17
6.428327574133614689e+03 4.658824658608894788e-17
6.433773752519644404e+03 4.798931114659263546e-17
6.439219930905674119e+03 5.261651785433783927e-17
6.444666109291703833e+03 4.636082757376856678e-17
6.450112287677733548e+03 4.777689573114207411e-17
6.455558466063763262e+03 4.830764327962623621e-17
6.461004644449792977e+03 4.742429531132553296e-17
6.466450822835822692e+03 5.139824386587163332e-17
6.471897001221852406e+03 5.253082791447349058e-17
6.477343179607882121e+03 5.019753245045074824e-17
6.482789357993911835e+03 5.083398015015517723e-17
6.488235536379941550e+03 4.744542779267211967e-17
6.493681714765971265e+03 4.384223527955944180e-17
6.499127893152000979e+03 4.872650163988256480e-17
6.504574071538030694e+03 4.457005542381421347e-17
6.510020249924060408e+03 4.292785277463989681e-17
6.515466428310090123e+03 4.022021269475763071e-17
6.520912606696119838e+03 4.212342528487511458e-17
6.526358785082149552e+03 4.216860207540793319e-17
6.531804963468179267e+03 4.191962681317535435e-17
6.537251141854208981e+03 4.436191868594334909e-17
6.542697320240238696e+03 4.270642341889656280e-17
6.548143498626268411e+03 4.673290561333008262e-17
6.553589677012298125e+03 4.270518502093222636e-17
6.559035855398327840e+03 4.339069539570573168e-17
6.564482033784357554e+03 3.989259198491292187e-17
6.569928212170387269e+03 3.838934902639742936e-17
6.575374390556416984e+03 4.045989727747928874e-17
6.580820568942446698e+03 3.740983530160624312e-17
6.586266747328476413e+03 4.228143968630377217e-17
6.591712925714506127e+03 4.521779646275883118e-17
6.597159104100535842e+03 4.144924526223524457e-17
6.602605282486565557e+03 4.550389211098665678e-17
6.608051460872595271e+03 4.512984772977622663e-17
6.613497639258624986e+03 4.319545875974465927e-17
6.618943817644654700e+03 4.418469650330334398e-17
6.624389996030684415e+03 4.208767244072033563e-17
6.629836174416714130e+03 5.088044377782701979e-17
6.635282352802743844e+03 5.093447144793085739e-17
6.640728531188773559e+03 5.518696146682667971e-17
6.646174709574803273e+03 5.179704341136698046e-17
6.651620887960832988e+03 5.535743132928060876e-17
6.657067066346862703e+03 5.293329124844100456e-17
6.662513244732892417e+03 5.080439243551492781e-17
6.667959423118922132e+03 4.603438994222113184e-17
6.673405601504951846e+03 5.445609751207008482e-17
6.678851779890981561e+03 5.346105230629353977e-17
6.684297958277011276e+03 5.881933649675366573e-17
6.689744136663040990e+03 6.001593005329210752e-17
6.695190315049070705e+03 5.096600157849103439e-17
6.700636493435100419e+03 4.813073648838866453e-17
6.706082671821130134e+03 4.818629246031088145e-17
6.711528850207159849e+03 5.000885394395876031e-17
6.716975028593189563e+03 4.957235762572251094e-17
6.722421206979219278e+03 4.895948346368819030e-17
6.727867385365248992e+03 5.080281388794377356e-17
6.733313563751278707e+03 5.171505854052496431e-17
6.738759742137308422e+03 5.154472939527315882e-17
6.744205920523338136e+03 5.507671407690368146e-17
6.749652098909367851e+03 5.277380349219671057e-17
6.755098277295397565e+03 5.318670878272923714e-17
6.760544455681427280e+03 5.515842993072332455e-17
6.765990634067456995e+03 5.377009577998191012e-17
6.771436812453486709e+03 4.708046620877815494e-17
6.776882990839516424e+03 4.358764727536024135e-17
6.782329169225546138e+03 4.961307674535911749e-17
6.787775347611575853e+03 4.833121943776873486e-17
6.793221525997605568e+03 4.903670010781090243e-17
6.798667704383635282e+03 4.752280733036024452e-17
6.804113882769664997e+03 4.991113859356548526e-17
6.809560061155694711e+03 4.496190997554141931e-17
6.815006239541724426e+03 4.800389279628665790e-17
6.820452417927754141e+03 4.296824080493046526e-17
6.825898596313783855e+03 4.365429083255458179e-17
6.831344774699813570e+03 4.570472018221530370e-17
6.836790953085843284e+03 4.908594357360120129e-17
6.842237131471872999e+03 5.114597925060782055e-17
6.847683309857902714e+03 4.483428093997069916e-17
6.853129488243932428e+03 4.497230969327274590e-17
6.858575666629962143e+03 4.243851789786734804e-17
6.864021845015991858e+03 4.489954589135423935e-17
6.869468023402021572e+03 3.757882848714318334e-17
6.874914201788051287e+03 3.462551912830232784e-17
6.880360380174081001e+03 3.541356914860578582e-17
6.885806558560110716e+03 3.619634820200378168e-17
6.891252736946140431e+03 3.488402162359167128e-17
6.896698915332170145e+03 3.737977243417057511e-17
6.902145093718199860e+03 3.611199695634020668e-17
6.907591272104229574e+03 4.018850144457524602e-17
6.913037450490259289e+03 4.092889726660915483e-17
6.918483628876289004e+03 3.797453647269161295e-17
6.923929807262318718e+03 4.175588655250549664e-17
6.929375985648348433e+03 4.153594765239247798e-17
6.934822164034378147e+03 4.035747376008534911e-17
6.940268342420407862e+03 3.899351834209471331e-17
6.945714520806437577e+03 3.707300860214799582e-17
6.951160699192467291e+03 3.943354687876625286e-17
6.956606877578497006e+03 3.892049775247449122e-17
6.962053055964526720e+03 4.369111164612414123e-17
6.967499234350556435e+03 3.662870123979961829e-17
6.972945412736586150e+03 3.776448872859897566e-17
6.978391591122615864e+03 3.916452114806614627e-17
6.983837769508645579e+03 3.724602702948628745e-17
6.989283947894675293e+03 3.814945774889674615e-17
6.994730126280705008e+03 3.819973628700625530e-17
7.000176304666734723e+03 3.796962511939163002e-17
7.005622483052764437e+03 3.964967038177990801e-17
7.011068661438794152e+03 3.688721705391832687e-17
7.016514839824823866e+03 3.617953349289444843e-17
7.021961018210853581e+03 4.060960291834396930e-17
7.027407196596883296e+03 3.742559487081283168e-17
7.032853374982913010e+03 3.474554551961375901e-17
7.038299553368942725e+03 3.722786164924798278e-17
7.043745731754972439e+03 3.601259415750986510e-17
7.049191910141002154e+03 3.317803649409165839e-17
7.054638088527031869e+03 3.705157662693967971e-17
7.060084266913061583e+03 3.680855357497521121e-17
7.065530445299091298e+03 3.554957653713425341e-17
7.070976623685121012e+03 3.584103140657048044e-17
7.076422802071150727e+03 3.898184146033918043e-17
7.081868980457180442e+03 3.520979471239815406e-17
7.087315158843210156e+03 3.869165706118639352e-17
7.092761337229239871e+03 3.839223793872364653e-17
7.098207515615269585e+03 3.952077045031800223e-17
7.103653694001299300e+03 3.979260832463990172e-17
7.109099872387329015e+03 3.378054688329602865e-17
7.114546050773358729e+03 3.691322882788048660e-17
7.119992229159388444e+03 3.678611599705400527e-17
7.125438407545418158e+03 3.948849705879355420e-17
7.130884585931447873e+03 3.417816580676780030e-17
7.136330764317477588e+03 3.428121286603024889e-17
7.141776942703507302e+03 3.618475352498900480e-17
7.147223121089537017e+03 4.027451011251998321e-17
7.152669299475566731e+03 4.145930447377199990e-17
7.158115477861596446e+03 4.043869952649550189e-17
7.163561656247626161e+03 3.885939577775369667e-17
7.169007834633655875e+03 3.990850793937532362e-17
7.174454013019685590e+03 3.999728429340924315e-17
7.179900191405715304e+03 3.965477071570463066e-17
7.185346369791745019e+03 3.864458627364972736e-17
7.190792548177774734e+03 3.506618306928825071e-17
7.196238726563804448e+03 3.351237230502958762e-17
7.201684904949834163e+03 3.419412689821420765e-17
7.207131083335863877e+03 3.622517478917705743e-17
7.212577261721893592e+03 3.755483318306693581e-17
7.218023440107923307e+03 3.573950401476152075e-17
7.223469618493953021e+03 3.528022806060978867e-17
7.228915796879982736e+03 3.848227915722206766e-17
7.234361975266012450e+03 4.317169134253335149e-17
7.239808153652042165e+03 4.474546000151898629e-17
7.245254332038071880e+03 3.934942989614085230e-17
7.250700510424101594e+03 3.563823487727507420e-17
7.256146688810131309e+03 3.636368299618203102e-17
7.261592867196161023e+03 3.518534173984482363e-17
7.267039045582190738e+03 3.615504018396396965e-17
7.272485223968220453e+03 3.492138229944909978e-17
7.277931402354250167e+03 4.426705712544672437e-17
7.283377580740279882e+03 4.371601638862590522e-17
7.288823759126309596e+03 4.098151515632780206e-17
7.294269937512339311e+03 3.591647240413521947e-17
7.299716115898369026e+03 3.657556988007215490e-17
7.305162294284398740e+03 3.388917638100314875e-17
7.310608472670428455e+03 3.766348576167404010e-17
7.316054651056458169e+03 4.213633749242501160e-17
7.321500829442487884e+03 4.131196606023556197e-17
7.326947007828517599e+03 4.224407503160354579e-17
7.332393186214547313e+03 4.057969483959335401e-17
7.337839364600577028e+03 4.058369206051146319e-17
7.343285542986606742e+03 4.517371921700974033e-17
7.348731721372636457e+03 4.848584934710978118e-17
7.354177899758666172e+03 3.912490853617166393e-17
7.359624078144695886e+03 3.948294150356021112e-17
7.365070256530725601e+03 3.902893857668789656e-17
7.370516434916755315e+03 4.277780260509198515e-17
7.375962613302785030e+03 4.522247628061982319e-17
7.381408791688814745e+03 4.311445582304127917e-17
7.386854970074844459e+03 4.381703639323478110e-17
7.392301148460874174e+03 4.593911396539510504e-17
7.397747326846903889e+03 4.165334090091571772e-17
7.403193505232933603e+03 3.965846632704026579e-17
7.408639683618963318e+03 4.321301168109216290e-17
7.414085862004993032e+03 4.001891586613983890e-17
7.419532040391022747e+03 4.271856426761189693e-17
7.424978218777052462e+03 4.877797948020731077e-17
7.430424397163082176e+03 4.452210322822909081e-17
7.435870575549111891e+03 4.673495091777559861e-17
7.441316753935141605e+03 4.735225770597077682e-17
7.446762932321171320e+03 4.788620343719912930e-17
7.452209110707201035e+03 4.811346556307475078e-17
7.457655289093230749e+03 4.801832022247459790e-17
7.463101467479260464e+03 4.315408500115796789e-17
7.468547645865290178e+03 4.791043596248895659e-17
7.473993824251319893e+03 5.193719030737737755e-17
7.479440002637349608e+03 5.307233481906495590e-17
7.484886181023379322e+03 4.693684281627155603e-17
7.490332359409409037e+03 4.822481031278936461e-17
7.495778537795438751e+03 5.420025015895766273e-17
7.501224716181468466e+03 5.308426507438949755e-17
7.506670894567498181e+03 5.419515189829134215e-17
7.512117072953527895e+03 4.594614431297787338e-17
7.517563251339557610e+03 4.498250724522631836e-17
7.523009429725587324e+03 4.948258453851300708e-17
7.528455608111617039e+03 4.888922451019802843e-17
7.533901786497646754e+03 4.870768908544528641e-17
7.539347964883676468e+03 4.920097344274350349e-17
7.544794143269706183e+03 4.378748687140767063e-17
7.550240321655735897e+03 4.590133355764933782e-17
7.555686500041765612e+03 4.552614539043889767e-17
7.561132678427795327e+03 5.295506298401714250e-17
7.566578856813825041e+03 5.356300161000210725e-17
7.572025035199854756e+03 4.755818988612665453e-17
7.577471213585884470e+03 4.706521941781574391e-17
7.582917391971914185e+03 4.579001135129052146e-17
7.588363570357943900e+03 4.423200430427365485e-17
7.593809748743973614e+03 3.646009848096095356e-17
7.599255927130003329e+03 2.604530604575372426e-17
7.604702105516033043e+03 1.759251895114242769e-17
7.610148283902062758e+03 1.869539872002790181e-17
7.615594462288092473e+03 2.034549989383804537e-17
7.621040640674122187e+03 2.767727495855700565e-17
7.626486819060151902e+03 2.633880344416251560e-17
7.631932997446181616e+03 3.017702699171948697e-17
7.637379175832211331e+03 2.339863804145140615e-17
7.642825354218241046e+03 2.224063080517844925e-17
7.648271532604270760e+03 2.740488655237568266e-17
7.653717710990300475e+03 2.808770323332012237e-17
7.659163889376330189e+03 3.037890444936834591e-17
7.664610067762359904e+03 3.484452214936189283e-17
7.670056246148389619e+03 3.290213789789072873e-17
7.675502424534419333e+03 3.596939366042985489e-17
7.680948602920449048e+03 4.307116054416376232e-17
7.686394781306478762e+03 4.436519355315719291e-17
7.691840959692508477e+03 4.103533129643139119e-17
7.697287138078538192e+03 3.731975107814510825e-17
7.702733316464567906e+03 3.998293853372692271e-17
7.708179494850597621e+03 4.099546181590086858e-17
7.713625673236627335e+03 4.478951731043751056e-17
7.719071851622657050e+03 3.881411196920038437e-17
7.724518030008686765e+03 4.123354501000794838e-17
7.729964208394716479e+03 3.707936452423170821e-17
7.735410386780746194e+03 4.164086692854367031e-17
7.740856565166775908e+03 4.289712323493998064e-17
7.746302743552805623e+03 4.122720246023025386e-17
7.751748921938835338e+03 4.040243629668182366e-17
7.757195100324865052e+03 3.547863111909906440e-17
7.762641278710894767e+03 3.811224069771839549e-17
7.768087457096924481e+03 3.320966295038623054e-17
7.773533635482954196e+03 3.072668908031565358e-17
7.778979813868983911e+03 3.370239936339931696e-17
7.784425992255013625e+03 3.504180365723649679e-17
7.789872170641043340e+03 3.570492084046080977e-17
7.795318349027073054e+03 3.061741619572470752e-17
7.800764527413102769e+03 2.802998928411981396e-17
7.806210705799132484e+03 3.217016894951736999e-17
7.811656884185162198e+03 2.764151636303002947e-17
7.817103062571191913e+03 3.051699282366400883e-17
7.822549240957221627e+03 2.930255590101412178e-17
7.827995419343251342e+03 2.894942844199765241e-17
7.833441597729281057e+03 2.508443016523819134e-17
7.838887776115310771e+03 3.001731654111378502e-17
7.844333954501340486e+03 3.074658763970550843e-17
7.849780132887370200e+03 3.123479675447181293e-17
7.855226311273399915e+03 3.543880327916191823e-17
7.860672489659429630e+03 3.373997847900031284e-17
7.866118668045459344e+03 3.845575702654786512e-17
7.871564846431489059e+03 3.674770962943595349e-17
7.877011024817518773e+03 3.696286146945397020e-17
7.882457203203548488e+03 3.739881094656670469e-17
7.887903381589578203e+03 4.027421764073654274e-17
7.893349559975607917e+03 3.893155915785474655e-17
7.898795738361637632e+03 4.060558786603518996e-17
7.904241916747667346e+03 4.570613025132813366e-17
7.909688095133697061e+03 5.541093657350588028e-17
7.915134273519726776e+03 5.117186013635990675e-17
7.920580451905756490e+03 5.453550994497198653e-17
7.926026630291786205e+03 5.711659822323106805e-17
7.931472808677815920e+03 5.732919220643877217e-17
7.936918987063845634e+03 5.731863425690339271e-17
7.942365165449875349e+03 6.109705879385812361e-17
7.947811343835905063e+03 6.246888176398853428e-17
7.953257522221934778e+03 5.725105493143966809e-17
7.958703700607964493e+03 5.405021167281862632e-17
7.964149878993994207e+03 5.966015028484469585e-17
7.969596057380023922e+03 6.026114901628047411e-17
7.975042235766053636e+03 5.757971985996754251e-17
7.980488414152083351e+03 6.531849577519867910e-17
7.985934592538113066e+03 6.618377046008877234e-17
7.991380770924142780e+03 6.433946766812819759e-17
7.996826949310172495e+03 6.690618866401411939e-17
8.002273127696202209e+03 6.744341240337567611e-17
8.007719306082231924e+03 6.387379030209736367e-17
8.013165484468261639e+03 5.891621983560250319e-17
8.018611662854291353e+03 6.361274999252931231e-17
8.024057841240321068e+03 6.106544866047107180e-17
8.029504019626350782e+03 5.548914191671258905e-17
8.034950198012380497e+03 5.854295814033958082e-17
8.040396376398410212e+03 4.711935261556316902e-17
8.045842554784439926e+03 5.631946446220750701e-17
8.051288733170469641e+03 6.530247261594526679e-17
8.056734911556499355e+03 5.892562325366404169e-17
8.062181089942529070e+03 5.291324210792257291e-17
8.067627268328558785e+03 5.544251045953816796e-17
8.073073446714588499e+03 6.101839885277067462e-17
8.078519625100618214e+03 5.803079444539100346e-17
8.083965803486647928e+03 5.959571034906837978e-17
8.089411981872677643e+03 4.950947379580411609e-17
8.094858160258707358e+03 4.504867286849580454e-17
8.100304338644737072e+03 4.624659779426227748e-17
8.105750517030766787e+03 4.493054517594958032e-17
8.111196695416796501e+03 5.070753411210502437e-17
8.116642873802826216e+03 4.160142220022640663e-17
8.122089052188855931e+03 3.974922749339982497e-17
8.127535230574885645e+03 3.995015974128932803e-17
8.132981408960915360e+03 5.149135431226068028e-17
8.138427587346945074e+03 5.673449533998489121e-17
8.143873765732974789e+03 4.693145156960782442e-17
8.149319944119004504e+03 4.237512568471328879e-17
8.154766122505034218e+03 3.720338793449237109e-17
8.160212300891063933e+03 4.556446516776740448e-17
8.165658479277093647e+03 4.371263235698506445e-17
8.171104657663123362e+03 3.712169055210822044e-17
8.176550836049153077e+03 3.862667814572063232e-17
8.181997014435182791e+03 3.489978505938544216e-17
8.187443192821212506e+03 3.357184116243294266e-17
8.192889371207242220e+03 3.363846851413875028e-17
8.198335549593271935e+03 3.668319298558703765e-17
8.203781727979301650e+03 4.103600288370430686e-17
8.209227906365331364e+03 4.115934820809877419e-17
8.214674084751361079e+03 3.576580732803119750e-17
8.220120263137390793e+03 3.113743562613508936e-17
8.225566441523420508e+03 4.135232382886984208e-17
8.231012619909450223e+03 3.605559244726827154e-17
8.236458798295479937e+03 3.806542420573554492e-17
8.241904976681509652e+03 3.945730709732866472e-17
8.247351155067539366e+03 2.932304295055978143e-17
8.252797333453569081e+03 3.609246760361692077e-17
8.258243511839598796e+03 4.191819052028281114e-17
8.263689690225628510e+03 4.486455944808479093e-17
8.269135868611658225e+03 3.758577642559542737e-17
8.274582046997687939e+03 3.470579374752730338e-17
8.280028225383717654e+03 5.306853013951037001e-17
8.285474403769747369e+03 4.593505489534395946e-17
8.290920582155777083e+03 4.354321831140254497e-17
8.296366760541806798e+03 4.257255189581620008e-17
8.301812938927836512e+03 3.896255447987145064e-17
8.307259117313866227e+03 4.262513484897237288e-17
8.312705295699895942e+03 3.429414154875866414e-17
8.318151474085925656e+03 4.228490114746874563e-17
8.323597652471955371e+03 4.109408803086679031e-17
8.329043830857985085e+03 3.785459882578423306e-17
8.334490009244014800e+03 2.687116861910121484e-17
8.339936187630044515e+03 3.716124696050687062e-17
8.345382366016074229e+03 3.206186010624685731e-17
8.350828544402103944e+03 4.751423633587308302e-17
8.356274722788133658e+03 4.294399409319138846e-17
8.361720901174163373e+03 4.592357240003450448e-17
8.367167079560193088e+03 4.917168289611441038e-17
8.372613257946222802e+03 3.516008649839830678e-17
8.378059436332252517e+03 2.193077895921649507e-17
8.383505614718282231e+03 3.562579136570410137e-17
8.388951793104311946e+03 4.068734515497576654e-17
8.394397971490341661e+03 3.703254426105469877e-17
8.399844149876371375e+03 3.499634912324265293e-17
8.405290328262401090e+03 6.281789732017540915e-17
8.410736506648430804e+03 6.007997308514339387e-17
8.416182685034460519e+03 4.058297786933922609e-17
8.421628863420490234e+03 2.082162338108460526e-17
8.427075041806519948e+03 2.890846881553316769e-17
8.432521220192549663e+03 3.270013320647679064e-17
8.437967398578579377e+03 5.696544417778321922e-17
8.443413576964609092e+03 3.776395789355581409e-17
8.448859755350638807e+03 2.528988668803469516e-17
8.454305933736668521e+03 2.867338476954949050e-17
8.459752112122698236e+03 4.738967795771873622e-17
8.465198290508727951e+03 4.174239169893583762e-17
8.470644468894757665e+03 4.964787201931632591e-17
8.476090647280787380e+03 5.998438861972923731e-17
8.481536825666817094e+03 3.332444065741063999e-17
8.486983004052846809e+03 2.477574661170523663e-17
8.492429182438876524e+03 2.332899505998862303e-17
8.497875360824906238e+03 3.497725226231017455e-17
8.503321539210935953e+03 4.290427007098020646e-17
8.508767717596965667e+03 3.201431113197991460e-17
8.514213895982995382e+03 2.518543008644836619e-17
8.519660074369025097e+03 1.912681893242442819e-17
8.525106252755054811e+03 1.410032736946436959e-17
8.530552431141084526e+03 2.639598407652035107e-17
8.535998609527114240e+03 3.556634474756575179e-17
8.541444787913143955e+03 3.266301236771626330e-17
8.546890966299173670e+03 2.674331013321294406e-17
8.552337144685203384e+03 2.729113048319368442e-17
8.557783323071233099e+03 2.917183598323879966e-17
8.563229501457262813e+03 2.016223265422746153e-17
8.568675679843292528e+03 1.511778802411530325e-17
8.574121858229322243e+03 2.541168200230142588e-17
8.579568036615351957e+03 4.233208421648591645e-17
8.585014215001381672e+03 2.675574905005382460e-17
8.590460393387411386e+03 2.386577737597199048e-17
8.595906571773441101e+03 3.990140471302223112e-17
8.601352750159470816e+03 4.463111688075535638e-17
8.606798928545500530e+03 3.212249879429607916e-17
8.612245106931530245e+03 4.033462703993069247e-17
8.617691285317559959e+03 4.441823002713766012e-17
8.623137463703589674e+03 2.587231623094828267e-17
8.628583642089619389e+03 3.304302606112875311e-17
8.634029820475649103e+03 5.570841016032749858e-17
8.639475998861678818e+03 5.674875654199767734e-17
8.644922177247708532e+03 3.921733450116039686e-17
8.650368355633738247e+03 3.223811967706907156e-17
8.655814534019767962e+03 4.726900209888985198e-17
8.661260712405797676e+03 5.084001163531551168e-17
8.666706890791827391e+03 4.290030463073136790e-17
8.672153069177857105e+03 5.249297594788880890e-17
8.677599247563886820e+03 3.697100597599878226e-17
8.683045425949916535e+03 3.398411124542281214e-17
8.688491604335946249e+03 3.946829453207107706e-17
8.693937782721975964e+03 4.905501041942446988e-17
8.699383961108005678e+03 4.399213594488330510e-17
8.704830139494035393e+03 3.950323698807625638e-17
8.710276317880065108e+03 4.181222990469892895e-17
8.715722496266094822e+03 5.623674936735920054e-17
8.721168674652124537e+03 6.362364964334489874e-17
8.726614853038154251e+03 4.901683435118969053e-17
8.732061031424183966e+03 4.672624276592729945e-17
8.737507209810213681e+03 3.686110390488679398e-17
8.742953388196243395e+03 5.297710231759814338e-17
8.748399566582273110e+03 5.678266432865455365e-17
8.753845744968302824e+03 8.419608694434217468e-17
8.759291923354332539e+03 1.336334999707408779e-16
8.764738101740362254e+03 9.936509203691205813e-17
8.770184280126391968e+03 7.325874957757253807e-17
8.775630458512421683e+03 8.365658576676868167e-17
8.781076636898451397e+03 8.994316686237586868e-17
8.786522815284481112e+03 7.234712786512289609e-17
8.791968993670510827e+03 6.096550745973895821e-17
8.797415172056540541e+03 8.200918545666383658e-17
8.802861350442570256e+03 9.778082622681407878e-17
8.808307528828599970e+03 1.006678819260563263e-16
8.813753707214629685e+03 9.528730657026035313e-17
8.819199885600659400e+03 1.111145403487077206e-16
8.824646063986689114e+03 1.533331918260972167e-16
8.830092242372718829e+03 1.420108228701140509e-16
8.835538420758748543e+03 1.241178852118587226e-16
8.840984599144778258e+03 1.239333863620697276e-16
8.846430777530807973e+03 1.001519749596303018e-16
8.851876955916837687e+03 1.083298587240010703e-16
8.857323134302867402e+03 1.208817159221289621e-16
8.862769312688897116e+03 1.169735078652694106e-16
8.868215491074926831e+03 1.118529892129306100e-16
8.873661669460956546e+03 1.423972524730094774e-16
8.879107847846986260e+03 1.205840697351320239e-16
8.884554026233015975e+03 1.020627717707369639e-16
8.890000204619045689e+03 1.048779638042463156e-16
8.895446383005075404e+03 1.092070251281224587e-16
8.900892561391105119e+03 7.160824056317387979e-17
8.906338739777134833e+03 1.071550257842467180e-16
8.911784918163164548e+03 2.166485286203753856e-16
8.917231096549194262e+03 3.322688319839667242e-16
8.922677274935223977e+03 2.168461876361766794e-16
8.928123453321253692e+03 6.305816690655335680e-17
8.933569631707283406e+03 5.583837124863356577e-17
8.939015810093313121e+03 7.733138224892588840e-17
8.944461988479342835e+03 1.113037844944151883e-16
8.949908166865372550e+03 1.095668878900658128e-16
8.955354345251402265e+03 9.995780278365769459e-17
8.960800523637431979e+03 1.026287187604316498e-16
8.966246702023461694e+03 2.080043601601182105e-16
8.971692880409491408e+03 1.825117522082988716e-16
8.977139058795521123e+03 8.924048559760060058e-17
8.982585237181550838e+03 6.682279410645686690e-17
8.988031415567580552e+03 9.769789878351422419e-17
8.993477593953610267e+03 1.056166808756072523e-16
8.998923772339639982e+03 4.821923413549337963e-17
9.004369950725669696e+03 4.187498826271414610e-17
9.009816129111699411e+03 7.764758219641616796e-17
9.015262307497729125e+03 8.290791340548469028e-17
9.020708485883758840e+03 8.257346206538335469e-17
9.026154664269788555e+03 8.112715617075587080e-17
9.031600842655818269e+03 8.082495336108269445e-17
9.037047021041847984e+03 5.613308839548106312e-17
9.042493199427877698e+03 6.572421480654874107e-17
9.047939377813907413e+03 7.746731877281415977e-17
9.053385556199937128e+03 5.598600795202855486e-17
9.058831734585966842e+03 5.153196352224916994e-17
9.064277912971996557e+03 8.171521373833892107e-17
9.069724091358026271e+03 7.411254648284773600e-17
9.075170269744055986e+03 6.939805379355315502e-17
9.080616448130085701e+03 6.238450038697890289e-17
9.086062626516115415e+03 5.706770324200948520e-17
9.091508804902145130e+03 4.396625776819398307e-17
9.096954983288174844e+03 4.260932952133293480e-17
9.102401161674204559e+03 4.581278308388162075e-17
9.107847340060234274e+03 5.259275542898266957e-17
9.113293518446263988e+03 3.576514581640352657e-17
9.118739696832293703e+03 2.947930791000545286e-17
9.124185875218323417e+03 4.030990438484875655e-17
9.129632053604353132e+03 4.690374310858691630e-17
9.135078231990382847e+03 3.213267793140707134e-17
9.140524410376412561e+03 3.898251457238437929e-17
9.145970588762442276e+03 6.352001529857610403e-17
9.151416767148471990e+03 2.947027656604781627e-17
9.156862945534501705e+03 9.002486289323644370e-18
9.162309123920531420e+03 1.683488343692577356e-17
9.167755302306561134e+03 4.984301220654762571e-17
9.173201480692590849e+03 6.170931860674440804e-17
9.178647659078620563e+03 4.717332991019292138e-17
9.184093837464650278e+03 3.808287747972087634e-17
9.189540015850679993e+03 3.725748131244391605e-17
9.194986194236709707e+03 1.680747716226635531e-17
9.200432372622739422e+03 1.637212066010747984e-17
9.205878551008769136e+03 3.680653466607646268e-17
9.211324729394798851e+03 4.663019236588652936e-17
9.216770907780828566e+03 4.825991079295667543e-17
9.222217086166858280e+03 6.175291781221099077e-17
9.227663264552887995e+03 6.632014246554946791e-17
9.233109442938917709e+03 3.830969900097014263e-17
9.238555621324947424e+03 1.897509456171471835e-17
9.244001799710977139e+03 2.865641946504926493e-17
9.249447978097006853e+03 4.965841692075615501e-17
9.254894156483036568e+03 4.053546937279420071e-17
9.260340334869066282e+03 3.808368182026425477e-17
9.265786513255095997e+03 3.732718027779005556e-17
9.271232691641125712e+03 4.475340044683251448e-17
9.276678870027155426e+03 3.304268879442482468e-17
9.282125048413185141e+03 3.545126153519361929e-17
9.287571226799214855e+03 5.508378168191180715e-17
9.293017405185244570e+03 5.470588955615745089e-17
9.298463583571274285e+03 3.645275605143174403e-17
9.303909761957303999e+03 3.759268634470603158e-17
9.309355940343333714e+03 7.089197517622741535e-17
9.314802118729363428e+03 6.321333097983589676e-17
9.320248297115393143e+03 4.385802964999038774e-17
9.325694475501422858e+03 4.154136486607589152e-17
9.331140653887452572e+03 5.530887428649798935e-17
9.336586832273482287e+03 3.180326263595302017e-17
9.342033010659512001e+03 1.953922284256410283e-17
9.347479189045541716e+03 1.898445858956305673e-17
9.352925367431571431e+03 2.414304536795465640e-17
9.358371545817601145e+03 4.192662843769555842e-17
9.363817724203630860e+03 5.990716320855314124e-17
9.369263902589660574e+03 7.237899407157299831e-17
9.374710080975690289e+03 7.882731072798229757e-17
9.380156259361720004e+03 8.739772942539164806e-17
9.385602437747749718e+03 1.968502527235207179e-16
9.391048616133779433e+03 1.459694332731052694e-16
9.396494794519809147e+03 5.251424109914814061e-17
9.401940972905838862e+03 3.548535021701101018e-17
9.407387151291868577e+03 5.755135372511160724e-17
9.412833329677898291e+03 9.887964125131519820e-17
9.418279508063928006e+03 1.279820390276637680e-16
9.423725686449957720e+03 5.295503209508420787e-17
9.429171864835987435e+03 1.135556696524870309e-16
9.434618043222017150e+03 2.178845632434605494e-16
9.440064221608046864e+03 2.680526766235366319e-16
9.445510399994076579e+03 7.216751280496292846e-17
9.450956578380106293e+03 2.072320755614641940e-17
9.456402756766136008e+03 7.665013347842375442e-18
9.461848935152165723e+03 3.820456884452336008e-17
9.467295113538195437e+03 1.434375447782158911e-16
9.472741291924225152e+03 1.732448255817046508e-16
9.478187470310254866e+03 1.312713600842619684e-16
9.483633648696284581e+03 1.311876523557699934e-16
9.489079827082314296e+03 1.991419352812130510e-16
9.494526005468344010e+03 8.062189641953168894e-17
9.499972183854373725e+03 1.045887177374996428e-17
9.505418362240403440e+03 4.213041531636411723e-17
9.510864540626433154e+03 8.378799373213406860e-17
9.516310719012462869e+03 8.686281429300490412e-17
9.521756897398492583e+03 3.900191915652768251e-17
9.527203075784522298e+03 6.226129015166875381e-17
9.532649254170552013e+03 9.634050408159017411e-17
9.538095432556581727e+03 5.640828540021403732e-17
9.543541610942611442e+03 4.457004233157813604e-17
9.548987789328641156e+03 2.481825641285052096e-17
9.554433967714670871e+03 2.669050009522913590e-17
9.559880146100700586e+03 4.620962757459575561e-17
9.565326324486730300e+03 7.262471478397635639e-17
9.570772502872760015e+03 7.148153201111764125e-17
9.576218681258789729e+03 4.062892018877757990e-17
9.581664859644819444e+03 7.523953910639564741e-17
9.587111038030849159e+03 6.780185354672756568e-17
9.592557216416878873e+03 5.212297542273194440e-17
9.598003394802908588e+03 3.355118555671824013e-17
9.603449573188938302e+03 3.219505326733427305e-17
9.608895751574968017e+03 6.531995998390282652e-17
9.614341929960997732e+03 5.966872477563736966e-17
9.619788108347027446e+03 1.207445001040884988e-17
9.625234286733057161e+03 4.963433455356877566e-18
9.630680465119086875e+03 2.494023761121286950e-17
9.636126643505116590e+03 5.828445816876114009e-17
9.641572821891146305e+03 4.991795161723498289e-17
9.647019000277176019e+03 3.653346012194870545e-17
9.652465178663205734e+03 4.698439765655240932e-17
9.657911357049235448e+03 3.715528929746867966e-17
9.663357535435265163e+03 5.626234074494864441e-18
9.668803713821294878e+03 3.661777312580501984e-18
9.674249892207324592e+03 1.661180217078774683e-17
9.679696070593354307e+03 5.134878427711568788e-17
9.685142248979384021e+03 4.602650805731063073e-17
9.690588427365413736e+03 1.731271433366696039e-17
9.696034605751443451e+03 3.539974298393714056e-17
9.701480784137473165e+03 5.071467007029970883e-17
9.706926962523502880e+03 3.310331075972153571e-17
9.712373140909532594e+03 4.601189223546542931e-17
9.717819319295562309e+03 6.469494731923990058e-17
9.723265497681592024e+03 3.032246091023895116e-17
9.728711676067621738e+03 1.692522386951894935e-17
9.734157854453651453e+03 1.859033041180085194e-17
9.739604032839681167e+03 2.613755367067582139e-17
9.745050211225710882e+03 4.120451312008117236e-17
9.750496389611740597e+03 1.950405932328161854e-17
9.755942567997770311e+03 2.461786048599635750e-17
9.761388746383800026e+03 2.354767576078382774e-17
9.766834924769829740e+03 2.616163832807318757e-17
9.772281103155859455e+03 2.546467240588831942e-17
9.777727281541889170e+03 1.968663414234674256e-17
9.783173459927918884e+03 2.353403510539392889e-17
9.788619638313948599e+03 2.758352385255222889e-17
9.794065816699978313e+03 4.098129225684577695e-17
9.799511995086008028e+03 2.946743738205776992e-17
9.804958173472037743e+03 1.931493559050122839e-17
9.810404351858067457e+03 1.169647419997240736e-17
9.815850530244097172e+03 1.617351522908355045e-17
9.821296708630126886e+03 4.377014830596973764e-17
9.826742887016156601e+03 4.348580183360153167e-17
9.832189065402186316e+03 3.377005180775476749e-17
9.837635243788216030e+03 3.932872491464877321e-17
9.843081422174245745e+03 3.301727420872501615e-17
9.848527600560275459e+03 2.881380997464669273e-17
9.853973778946305174e+03 4.875238301983888738e-17
9.859419957332334889e+03 6.103370645479350586e-17
9.864866135718364603e+03 4.126830759705457367e-17
9.870312314104394318e+03 3.298870855486286051e-17
9.875758492490424032e+03 3.031987661863491941e-17
9.881204670876453747e+03 2.030381599187773062e-17
9.886650849262483462e+03 3.103003356268448716e-17
9.892097027648513176e+03 3.302495252911269638e-17
9.897543206034542891e+03 2.301472487513057237e-17
9.902989384420572605e+03 2.568708906112919229e-17
9.908435562806602320e+03 2.890887182957916784e-17
9.913881741192632035e+03 2.856683432293398271e-17
9.919327919578661749e+03 4.229440253331773293e-17
9.924774097964691464e+03 6.855073865028477904e-17
9.930220276350721178e+03 3.661557468090392050e-17
9.935666454736750893e+03 1.711989831451494359e-17
9.941112633122780608e+03 2.103265412524468944e-17
9.946558811508810322e+03 2.927262046520620447e-17
9.952004989894840037e+03 2.242178624296719539e-17
9.957451168280869751e+03 2.458087568118297225e-17
9.962897346666899466e+03 1.436941168763627298e-17
9.968343525052929181e+03 1.568990780057387463e-17
9.973789703438958895e+03 2.724667988382984300e-17
9.979235881824988610e+03 2.486496132395336702e-17
9.984682060211018324e+03 2.414275646420985331e-17
9.990128238597048039e+03 1.774176662462401857e-17
9.995574416983077754e+03 2.173608881073304056e-17
1.000102059536910747e+04 2.837730444280746661e-17
1.000646677375513718e+04 5.947862559410928729e-17
1.001191295214116690e+04 9.929935881572384616e-17
1.001735913052719661e+04 3.456875380248184635e-17
1.002280530891322633e+04 2.169090916263440777e-17
1.002825148729925604e+04 2.610018205022163575e-17
1.003369766568528576e+04 4.411506894244877135e-17
1.003914384407131547e+04 3.810341461416276387e-17
1.004459002245734519e+04 1.827256959638175082e-17
1.005003620084337490e+04 1.751418789127844285e-17
1.005548237922940461e+04 2.270201527426408311e-17
1.006092855761543433e+04 2.410704939698889380e-17
1.006637473600146404e+04 3.087356506340843820e-17
1.007182091438749376e+04 2.827237957752701324e-17
1.007726709277352347e+04 1.964786607740479125e-17
1.008271327115955319e+04 2.987179644109520865e-17
1.008815944954558290e+04 2.792841591134399187e-17
1.009360562793161262e+04 3.137363477100951560e-17
1.009905180631764233e+04 3.061678041640542347e-17
1.010449798470367205e+04 3.541729106661825579e-17
1.010994416308970176e+04 8.005331240717366487e-18
1.011539034147573147e+04 9.037682571913513205e-18
1.012083651986176119e+04 1.573681496992972365e-17
1.012628269824779090e+04 1.585989889605763367e-17
1.013172887663382062e+04 1.813577144054337742e-17
1.013717505501985033e+04 2.174320314735954687e-17
1.014262123340588005e+04 2.585572666906320305e-17
1.014806741179190976e+04 2.380184100470391823e-17
1.015351359017793948e+04 2.386766598677777541e-17
1.015895976856396919e+04 2.017756952658314713e-17
1.016440594694999891e+04 1.900602711807854257e-17
1.016985212533602862e+04 3.471525642108533420e-17
1.017529830372205834e+04 2.369747298214860286e-17
1.018074448210808805e+04 1.262249925834320212e-17
1.018619066049411776e+04 2.335750404189952760e-17
1.019163683888014748e+04 2.748095647262830542e-17
1.019708301726617719e+04 2.094819491439550327e-17
1.020252919565220691e+04 1.547649959393601767e-17
1.020797537403823662e+04 1.712795083995401148e-17
1.021342155242426634e+04 2.455770131564397215e-17
1.021886773081029605e+04 2.399942796427225596e-17
1.022431390919632577e+04 2.654588627242566003e-17
1.022976008758235548e+04 1.936238146515912004e-17
1.023520626596838520e+04 3.230335743396751218e-17
1.024065244435441491e+04 2.075424351930824853e-17
1.024609862274044463e+04 1.522051081890583890e-17
1.025154480112647434e+04 1.846860841566670184e-17
1.025699097951250405e+04 1.047087226458263805e-17
1.026243715789853377e+04 1.221283049732194970e-17
1.026788333628456348e+04 1.564436914054567547e-17
1.027332951467059320e+04 1.869109740344745071e-17
1.027877569305662291e+04 2.171261663852432775e-17
1.028422187144265263e+04 2.649682262221394723e-17
1.028966804982868234e+04 2.386567089503897310e-17
1.029511422821471206e+04 1.908266138592352138e-17
1.030056040660074177e+04 1.422918330154354970e-17
1.030600658498677149e+04 1.078821357824032435e-17
1.031145276337280120e+04 2.194802318687669895e-17
1.031689894175883092e+04 2.561343665379132805e-17
1.032234512014486063e+04 1.577165334139693059e-17
1.032779129853089034e+04 1.705128712588455869e-17
1.033323747691692006e+04 1.728133733577110959e-17
1.033868365530294977e+04 2.641060058690460358e-17
1.034412983368897949e+04 1.215778298482569576e-17
1.034957601207500920e+04 1.590741097484391427e-17
1.035502219046103892e+04 2.159290640630422543e-17
1.036046836884706863e+04 3.733816303492376144e-17
1.036591454723309835e+04 4.002290581442693395e-17
1.037136072561912806e+04 nan
