3.127943472199607186e+03 nan
3.130207711624188050e+03 2.588950145951721916e-14
3.132473146616289341e+03 4.425995595733779698e-14
3.134739775168245615e+03 2.588799420687711470e-14
3.137007595274251344e+03 1.759858884347944820e-14
3.139276604930360463e+03 9.722264607895533176e-15
3.141546802134486825e+03 2.942202427458279514e-14
3.143818184886403287e+03 6.371385051931707840e-15
3.146090751187742626e+03 6.211445390383139121e-15
3.148364499041997078e+03 9.425463207993855857e-15
3.150639426454518798e+03 1.129679940904738438e-14
3.152915531432518037e+03 4.723652570133430774e-15
3.155192811985066328e+03 5.090535685517218299e-15
3.157471266123094210e+03 8.038270651978493364e-15
3.159750891859390777e+03 4.429851219928077743e-15
3.162031687208605945e+03 4.696875817614356703e-15
3.164313650187248641e+03 4.920054808674162924e-15
3.166596778813687251e+03 6.817785229883315606e-15
3.168881071108150081e+03 6.632459209863415679e-15
3.171166525092724441e+03 5.160590084564643928e-15
3.173453138791357105e+03 4.092010622298224657e-15
3.175740910229855672e+03 6.968574296752975512e-15
3.178029837435885383e+03 5.124544599349032969e-15
3.180319918438972309e+03 4.529203136037542742e-15
3.182611151270501523e+03 5.599867320748686296e-15
3.184903533963718473e+03 3.006716544645982404e-15
3.187197064553726705e+03 3.977688613731833132e-15
3.189491741077490133e+03 3.932976157619062544e-15
3.191787561573832591e+03 2.996348222292403158e-15
3.194084524083436918e+03 5.240451883160837697e-15
3.196382626648845871e+03 5.838164735279518786e-15
3.198681867314460760e+03 3.770381238755123175e-15
3.200982244126543264e+03 1.678777271961053912e-15
3.203283755133214981e+03 1.764172514566860902e-15
3.205586398384456515e+03 5.491522282559108288e-15
3.207890171932107478e+03 2.877087581203589162e-15
3.210195073829867852e+03 5.529633629035167913e-15
3.212501102133297081e+03 1.056035769693367469e-15
3.214808254899813619e+03 1.562892266893006072e-15
3.217116530188695833e+03 4.410320000450745107e-15
3.219425926061081555e+03 4.038880079300180047e-15
3.221736440579968530e+03 8.223160256334979494e-16
3.224048071810213514e+03 5.669335196063574633e-15
3.226360817818533178e+03 3.682573960817593073e-15
3.228674676673502745e+03 2.865347142462907000e-15
3.230989646445558719e+03 1.737171417566053617e-15
3.233305725206995248e+03 1.690765755673635380e-15
3.235622911031967760e+03 2.034222600556242070e-15
3.237941201996489781e+03 1.494382383971876007e-15
3.240260596178435662e+03 1.204702335750976655e-15
3.242581091657537854e+03 2.317832322518522467e-15
3.244902686515390087e+03 2.245404122449747400e-15
3.247225378835443735e+03 2.351771614594527524e-15
3.249549166703010997e+03 1.993756332614773097e-15
3.251874048205263534e+03 1.183672177401991099e-15
3.254200021431232017e+03 1.559991373325513239e-15
3.256527084471806575e+03 8.185557949980207486e-16
3.258855235419737710e+03 9.944882009575097453e-16
3.261184472369634932e+03 1.521358125452449867e-15
3.263514793417966757e+03 9.404502640231161482e-16
3.265846196663062528e+03 1.678545716214056551e-15
3.268178680205109686e+03 4.799119353355841793e-16
3.270512242146156495e+03 7.018187949473690278e-16
3.272846880590109777e+03 6.951334612815103438e-16
3.275182593642736265e+03 9.329609339935167344e-16
3.277519379411663067e+03 7.796190490445106767e-16
3.279857236006374478e+03 8.403934979505332502e-16
3.282196161538217439e+03 6.097102760698472936e-16
3.284536154120396077e+03 1.357538724177667332e-15
3.286877211867974438e+03 4.334754787304725576e-16
3.289219332897877393e+03 1.178111527418232446e-15
3.291562515328888367e+03 1.906710631329599575e-16
3.293906757281649334e+03 5.151349507589856057e-16
3.296252056878664007e+03 2.621979592367499800e-16
3.298598412244294195e+03 4.375985731911231214e-16
3.300945821504761625e+03 1.002990277582155232e-15
3.303294282788147484e+03 1.032453774268834561e-15
3.305643794224391968e+03 4.260554638407052909e-16
3.307994353945296098e+03 5.179030820445903347e-16
3.310345960084519447e+03 6.129103509846478694e-16
3.312698610777581507e+03 4.352305589531474821e-16
3.315052304161860775e+03 6.477989586002502238e-16
3.317407038376595665e+03 3.506359795781490363e-16
3.319762811562884508e+03 6.407789082897255271e-16
3.322119621863685097e+03 3.257420806731654940e-16
3.324477467423813778e+03 5.019807994233225406e-16
3.326836346389947266e+03 4.278735133499959958e-16
3.329196256910621742e+03 3.459790369675162059e-16
3.331557197136233299e+03 5.015112218685658682e-16
3.333919165219036586e+03 2.855757852094526457e-16
3.336282159313146622e+03 3.251211536781990981e-16
3.338646177574537433e+03 3.850108367459856601e-16
3.341011218161042962e+03 5.505892142783282343e-16
3.343377279232356614e+03 5.322185777031495883e-16
3.345744358950031256e+03 3.949938302136289917e-16
3.348112455477479216e+03 2.151363992383016599e-16
3.350481566979972285e+03 1.228434399713936969e-16
3.352851691624642626e+03 2.107722883265500204e-16
3.355222827580480498e+03 3.927296479251162426e-16
3.357594973018336532e+03 5.753062055051719962e-16
3.359968126110921276e+03 2.534025474578611908e-16
3.362342285032804284e+03 9.368703476783312403e-17
3.364717447960414574e+03 3.199087603896198133e-16
3.367093613072040625e+03 2.104957748430189135e-16
3.369470778547831287e+03 3.227086084402477760e-16
3.371848942569793508e+03 1.768619845321984979e-16
3.374228103321795970e+03 2.654787013833403837e-16
3.376608258989564092e+03 2.302948327964432377e-16
3.378989407760685026e+03 2.524971607101505625e-16
3.381371547824604477e+03 2.554383034948255114e-16
3.383754677372628066e+03 3.483465966210937795e-16
3.386138794597921333e+03 2.823582187061262605e-16
3.388523897695507458e+03 1.580768803853760961e-16
3.390909984862271813e+03 4.317263524832191362e-16
3.393297054296957413e+03 2.455739049062378187e-16
3.395685104200167643e+03 3.219965556846144504e-16
3.398074132774365353e+03 1.571074717661107580e-16
3.400464138223871942e+03 2.383071282063953046e-16
3.402855118754870091e+03 2.998096493480311122e-16
3.405247072575401035e+03 3.355832329447952098e-16
3.407639997895365468e+03 3.883045535378615343e-16
3.410033892926523549e+03 1.469262861988315790e-16
3.412428755882495807e+03 2.974997009150426654e-16
3.414824584978760868e+03 2.793067073889884838e-16
3.417221378432658184e+03 1.925015543446403315e-16
3.419619134463386217e+03 1.517572257781563650e-16
3.422017851292003343e+03 2.340964456205303108e-16
3.424417527141426945e+03 9.755072955027473097e-17
3.426818160236434323e+03 4.335695792013790014e-16
3.429219748803661787e+03 3.026104976077842445e-16
3.431622291071606014e+03 1.335224867242216568e-16
3.434025785270622237e+03 1.845810813751761144e-16
3.436430229632926512e+03 1.333864474222190866e-16
3.438835622392592995e+03 1.858417158528069467e-16
3.441241961785556214e+03 1.359155160644412698e-16
3.443649246049610610e+03 1.572503009530071923e-16
3.446057473424409181e+03 1.517137630283728388e-16
3.448466642151464384e+03 6.231319086453656689e-17
3.450876750474149958e+03 2.074214032315344522e-16
3.453287796637697284e+03 1.505640061069438895e-16
3.455699778889197660e+03 1.426035554181140447e-16
3.458112695477602756e+03 1.636472126346550468e-16
3.460526544653723249e+03 8.780744118327584776e-17
3.462941324670228823e+03 1.011424145007452781e-16
3.465357033781649989e+03 1.433417463892697781e-16
3.467773670244375353e+03 1.996591827705488685e-16
3.470191232316654350e+03 1.318445576094474065e-16
3.472609718258594967e+03 1.018991219979598105e-16
3.475029126332165106e+03 2.081377571228947821e-16
3.477449454801192587e+03 6.290710314039588975e-17
3.479870701931363783e+03 6.975812738191037269e-17
3.482292865990225437e+03 6.168181528203526860e-17
3.484715945247183754e+03 9.632149894403457029e-17
3.487139937973504402e+03 1.626225438778360470e-16
3.489564842442312056e+03 1.315735083970708002e-16
3.491990656928592216e+03 1.010737372795742683e-16
3.494417379709188026e+03 4.156030657921075895e-17
3.496845009062803911e+03 1.709808878675935106e-16
3.499273543270003302e+03 8.135722251927328875e-17
3.501702980613208183e+03 1.279332602442816458e-16
3.504133319376701820e+03 1.395544269008610410e-16
3.506564557846625576e+03 8.878442135347444391e-17
3.508996694310981184e+03 1.483047604958203730e-16
3.511429727059629386e+03 1.345028476427600806e-16
3.513863654384290840e+03 2.494419046293475036e-17
3.516298474578545211e+03 1.123713568665969964e-16
3.518734185937832990e+03 8.922282117582647393e-17
3.521170786759452312e+03 1.590268573887118091e-16
3.523608275342561683e+03 1.452290966284327087e-16
3.526046649988180434e+03 1.601934587059313596e-16
3.528485908999185540e+03 7.523365072228614803e-17
3.530926050680314347e+03 1.102929063274903691e-16
3.533367073338164118e+03 1.217964306608817365e-16
3.535808975281190214e+03 7.960526081763521448e-17
3.538251754819709276e+03 9.084816468998409557e-17
3.540695410265896498e+03 1.227111460545906901e-16
3.543139939933786991e+03 4.427972275916659557e-17
3.545585342139274871e+03 7.435689866079625531e-17
3.548031615200114629e+03 5.067015442617469725e-17
3.550478757435919761e+03 7.526014048718140328e-17
3.552926767168162769e+03 8.676608913373365108e-17
3.555375642720177439e+03 7.152837638250956107e-17
3.557825382417154742e+03 8.460292030507626511e-17
3.560275984586146933e+03 4.838574677993326047e-17
3.562727447556065272e+03 1.099700842839371139e-16
3.565179769657680936e+03 7.099244318055414850e-17
3.567632949223623655e+03 8.471895971824955307e-17
3.570086984588383530e+03 4.867361549449845682e-17
3.572541874088309669e+03 8.398003730106901754e-17
3.574997616061611552e+03 5.493664236273630367e-17
3.577454208848357212e+03 7.579707642075215056e-17
3.579911650790474596e+03 4.457488347575649820e-17
3.582369940231752025e+03 5.936376478958587819e-17
3.584829075517835918e+03 9.795212632308134963e-17
3.587289054996233062e+03 4.825201633692857253e-17
3.589749877016309256e+03 9.707378287871405270e-17
3.592211539929290666e+03 9.756676918916081670e-17
3.594674042088262922e+03 7.659664757207618899e-17
3.597137381848169753e+03 8.704763578181731292e-17
3.599601557565816165e+03 7.096704899731081390e-17
3.602066567599866175e+03 5.527241794990415469e-17
3.604532410310842806e+03 5.798192959223679235e-17
3.606999084061128542e+03 7.609086936460208470e-17
3.609466587214967149e+03 4.319486889252348497e-17
3.611934918138459125e+03 6.523338952416429904e-17
3.614404075199567160e+03 3.791340934926063836e-17
3.616874056768112041e+03 4.461697921215488847e-17
3.619344861215774017e+03 6.052022774402008548e-17
3.621816486916093709e+03 5.796901032492780244e-17
3.624288932244470288e+03 1.015570941733078876e-16
3.626762195578163301e+03 7.383514946444140042e-17
3.629236275296291751e+03 7.582979379938021934e-17
3.631711169779833199e+03 5.741936710506341393e-17
3.634186877411626483e+03 1.054956377792504348e-16
3.636663396576368086e+03 6.179044193585371241e-17
3.639140725660615772e+03 8.771988256131950906e-17
3.641618863052784945e+03 6.300569979290022077e-17
3.644097807143152750e+03 8.508346225144437411e-17
3.646577556323853969e+03 4.494942266251036429e-17
3.649058108988883760e+03 3.467220067097446475e-17
3.651539463534096740e+03 4.120439869004977549e-17
3.654021618357207444e+03 8.059551235410912425e-17
3.656504571857788960e+03 5.743351419328410244e-17
3.658988322437274746e+03 7.012038520139442472e-17
3.661472868498957723e+03 6.139898967838401584e-17
3.663958208447990273e+03 6.036180140555732318e-17
3.666444340691383786e+03 5.008110496026998489e-17
3.668931263638010023e+03 3.166970961389858274e-17
3.671418975698599752e+03 5.737700025299739806e-17
3.673907475285743203e+03 7.577782112333901993e-17
3.676396760813890069e+03 3.438259143739461596e-17
3.678886830699350867e+03 4.392231118702601393e-17
3.681377683360294213e+03 6.230983730316217014e-17
3.683869317216748186e+03 6.949711784561317262e-17
3.686361730690601689e+03 8.739732376059874206e-17
3.688854922205601724e+03 3.993790848569337618e-17
3.691348890187356119e+03 5.816115347279249730e-17
3.693843633063331254e+03 3.775495786971225238e-17
3.696339149262853425e+03 7.072058552705442501e-17
3.698835437217108392e+03 3.331692425288742310e-17
3.701332495359141831e+03 6.385935086797331009e-17
3.703830322123857968e+03 2.722644340047925392e-17
3.706328915948021859e+03 4.812423226002238853e-17
3.708828275270257109e+03 6.539587574926414634e-17
3.711328398531047696e+03 4.325759694252654959e-17
3.713829284172736152e+03 5.547431474295320959e-17
3.716330930639525832e+03 3.720148296834951479e-17
3.718833336377477281e+03 4.601222855374667273e-17
3.721336499834513688e+03 3.509539198342359160e-17
3.723840419460415887e+03 3.802696249926458150e-17
3.726345093706824173e+03 3.676073117298253853e-17
3.728850521027239211e+03 3.616172189978075557e-17
3.731356699877020674e+03 4.984401782614083236e-17
3.733863628713387698e+03 4.282883730112834209e-17
3.736371305995419789e+03 2.661600695448461358e-17
3.738879730184054552e+03 2.766865782045838592e-17
3.741388899742090416e+03 3.252999115178332009e-17
3.743898813134184820e+03 2.009507879209503947e-17
3.746409468826854663e+03 3.782919698525090383e-17
3.748920865288476307e+03 1.872717394492917068e-17
3.751433000989286938e+03 3.174897497171588316e-17
3.753945874401380934e+03 4.395418728637581574e-17
3.756459483998713949e+03 6.099772464369127093e-17
3.758973828257100649e+03 2.856257318497748395e-17
3.761488905654215614e+03 2.973000293099202092e-17
3.764004714669592431e+03 3.253303147624017839e-17
3.766521253784623696e+03 3.523836725065497625e-17
3.769038521482563738e+03 1.716322135562463617e-17
3.771556516248523621e+03 1.893555898246298072e-17
3.774075236569476147e+03 3.625522315179308128e-17
3.776594680934252210e+03 1.009736123137411806e-17
3.779114847833543536e+03 5.297147367396264699e-17
3.781635735759899944e+03 3.204358578823406961e-17
3.784157343207732083e+03 2.672103862052296592e-17
3.786679668673309152e+03 2.869429945782217983e-17
3.789202710654760267e+03 3.804322145650084364e-17
3.791726467652074916e+03 4.637749860237079696e-17
3.794250938167100230e+03 5.200346214991282990e-17
3.796776120703544620e+03 3.109036469456126578e-17
3.799302013766975961e+03 3.989601912226480536e-17
3.801828615864819767e+03 2.270057873011595504e-17
3.804355925506363292e+03 2.722144423208723779e-17
3.806883941202752339e+03 5.145889124268114395e-17
3.809412661466992631e+03 3.048908891631322842e-17
3.811942084813948895e+03 3.042392220690587908e-17
3.814472209760345322e+03 4.548817964271745896e-17
3.817003034824766473e+03 1.752310137003414323e-17
3.819534558527655463e+03 2.784852354137739484e-17
3.822066779391316231e+03 3.056520918999742169e-17
3.824599695939911271e+03 2.046704927728957530e-17
3.827133306699462082e+03 3.635741487048283595e-17
3.829667610197851445e+03 4.052384745441635124e-17
3.832202604964819784e+03 1.660429380088904865e-17
3.834738289531968348e+03 3.460913197561952804e-17
3.837274662432757395e+03 4.595686417068135501e-17
3.839811722202507553e+03 3.074267481344436800e-17
3.842349467378397094e+03 1.481780034700641975e-17
3.844887896499465569e+03 2.044657766708965263e-17
3.847427008106611538e+03 1.966856814774931236e-17
3.849966800742593477e+03 1.987770554065163542e-17
3.852507272952028416e+03 2.964533262233867004e-17
3.855048423281393298e+03 3.343700443174013111e-17
3.857590250279025440e+03 1.660044005262153561e-17
3.860132752495120712e+03 2.458532722783087063e-17
3.862675928481734445e+03 1.358656191279796724e-17
3.865219776792783250e+03 1.456462807688334728e-17
3.867764295984040473e+03 2.831613981884912060e-17
3.870309484613141649e+03 1.260258438925902678e-17
3.872855341239579502e+03 2.460048653823494391e-17
3.875401864424708947e+03 4.191476235197890279e-17
3.877949052731741176e+03 2.215363253589414422e-17
3.880496904725750483e+03 2.735077123563268267e-17
3.883045418973667893e+03 1.899826912596319522e-17
3.885594594044285259e+03 1.500775522655372758e-17
3.888144428508253441e+03 4.654215206618620402e-17
3.890694920938083669e+03 2.084017777222480702e-17
3.893246069908145273e+03 3.043769843392606231e-17
3.895797873994668862e+03 2.772695077535730463e-17
3.898350331775743598e+03 3.034750905633680348e-17
3.900903441831317650e+03 1.546366847845534853e-17
3.903457202743200469e+03 1.799517286322079167e-17
3.906011613095058692e+03 3.170831383321541777e-17
3.908566671472420694e+03 3.155024120270501131e-17
3.911122376462672946e+03 3.136377995106455139e-17
3.913678726655062292e+03 2.190088595465300052e-17
3.916235720640694126e+03 3.794273758697962481e-17
3.918793357012535125e+03 1.696948846548200976e-17
3.921351634365409154e+03 2.477373295905637203e-17
3.923910551296002268e+03 1.454852128660525227e-17
3.926470106402857255e+03 4.078400463060154630e-17
3.929030298286378638e+03 2.036722264129113217e-17
3.931591125548829496e+03 2.384584073686138720e-17
3.934152586794332365e+03 1.450337897895820968e-17
3.936714680628870155e+03 2.257945274725036394e-17
3.939277405660284785e+03 2.221021815120910132e-17
3.941840760498276723e+03 3.643944856351934109e-17
3.944404743754408173e+03 3.613235551499564164e-17
3.946969354042098530e+03 1.759102967919411963e-17
3.949534589976628922e+03 1.262518809952594521e-17
3.952100450175137667e+03 3.673204425214133238e-17
3.954666933256624816e+03 1.897940426585408500e-17
3.957234037841948521e+03 2.804598339352460059e-17
3.959801762553827302e+03 2.302826016533322221e-17
3.962370106016838690e+03 1.383396287559868143e-17
3.964939066857419675e+03 4.636640271997111741e-17
3.967508643703867619e+03 1.656929637247358373e-17
3.970078835186338438e+03 2.728165537147507543e-17
3.972649639936848416e+03 1.903633847728735548e-17
3.975221056589271939e+03 1.840968280078597790e-17
3.977793083779345579e+03 2.157150919834578397e-17
3.980365720144662646e+03 2.264459076641752505e-17
3.982938964324677272e+03 3.044404723120595090e-17
3.985512814960703054e+03 2.574498153389542902e-17
3.988087270695913503e+03 2.400773110230450890e-17
3.990662330175340685e+03 1.696248567070486131e-17
3.993237992045877036e+03 2.413598310614732294e-17
3.995814254956274453e+03 2.426590071374555716e-17
3.998391117557143843e+03 1.670195143489756897e-17
4.000968578500956482e+03 3.766918009597976683e-17
4.003546636442041745e+03 1.746461296650642051e-17
4.006125290036590741e+03 3.083240137080914103e-17
4.008704537942651768e+03 2.885317708380942108e-17
4.011284378820133952e+03 3.096975501927793809e-17
4.013864811330806333e+03 2.115675927540782311e-17
4.016445834138296505e+03 2.573848859164062094e-17
4.019027445908091977e+03 2.031693871352157960e-17
4.021609645307540177e+03 2.863829338859771208e-17
4.024192431005847538e+03 2.322126518306278894e-17
4.026775801674079958e+03 1.894092715306406020e-17
4.029359755985163247e+03 2.330631530780050070e-17
4.031944292613882681e+03 3.696600971503784938e-17
4.034529410236882995e+03 2.654985527668098130e-17
4.037115107532668844e+03 3.199771509622921061e-17
4.039701383181603433e+03 1.947910271386742304e-17
4.042288235865910792e+03 3.184030323481071161e-17
4.044875664269673507e+03 2.865519160771308500e-17
4.047463667078834078e+03 2.800746069379225702e-17
4.050052242981194468e+03 3.050431564043225381e-17
4.052641390666416100e+03 1.458995404767818718e-17
4.055231108826020318e+03 2.051636329114508924e-17
4.057821396153387468e+03 2.677075768556932597e-17
4.060412251343757816e+03 3.804863335200333795e-17
4.063003673094231090e+03 2.464639803314050835e-17
4.065595660103766477e+03 1.850569084776127591e-17
4.068188211073182629e+03 3.084738530127008506e-17
4.070781324705158113e+03 1.874657956577779693e-17
4.073374999704230049e+03 2.059930545357741915e-17
4.075969234776796839e+03 2.568523444055866402e-17
4.078564028631114525e+03 2.233034403586185308e-17
4.081159379977299977e+03 3.103674019495733035e-17
4.083755287527329074e+03 2.177047930821987724e-17
4.086351749995037153e+03 1.483512625726660496e-17
4.088948766096119925e+03 1.500106275069704059e-17
4.091546334548131199e+03 2.187022002270248819e-17
4.094144454070485153e+03 3.101981833680510879e-17
4.096743123384456339e+03 3.138773233385777527e-17
4.099342341213176951e+03 2.718688589420004504e-17
4.101942106281640008e+03 2.809882786346062237e-17
4.104542417316698447e+03 2.474319710965504557e-17
4.107143273047063303e+03 2.474743926276634966e-17
4.109744672203305527e+03 3.027855299666128321e-17
4.112346613517857804e+03 1.577484250773408041e-17
4.114949095725009101e+03 2.314350748502937864e-17
4.117552117560909210e+03 3.781096854955037884e-17
4.120155677763567837e+03 3.038468026467379949e-17
4.122759775072854609e+03 3.774640072916077905e-17
4.125364408230498157e+03 3.965014764514627017e-17
4.127969575980087029e+03 2.521612643249033411e-17
4.130575277067066963e+03 1.901298695748195399e-17
4.133181510238746341e+03 2.658237753377619113e-17
4.135788274244291642e+03 1.987203151825529166e-17
4.138395567834730173e+03 3.201908867327261949e-17
4.141003389762946426e+03 2.628264633888512439e-17
4.143611738783686633e+03 3.771938555482625498e-17
4.146220613653554210e+03 2.773154337802830541e-17
4.148830013131015221e+03 3.067022016142178265e-17
4.151439935976393826e+03 1.559125511789867042e-17
4.154050380951872285e+03 2.786769890124337584e-17
4.156661346821492771e+03 2.370775337376138105e-17
4.159272832351161014e+03 2.714521495000729888e-17
4.161884836308636295e+03 2.440357087840672303e-17
4.164497357463541448e+03 2.396769765473983943e-17
4.167110394587357405e+03 2.760533122896979365e-17
4.169723946453425015e+03 2.693402018950505196e-17
4.172338011836944133e+03 2.564542015669990969e-17
4.174952589514974534e+03 1.789485068332105819e-17
4.177567678266435905e+03 2.642633516947185646e-17
4.180183276872107854e+03 1.419749021626350278e-17
4.182799384114627173e+03 1.953646305768418909e-17
4.185415998778493304e+03 1.766506432430251998e-17
4.188033119650062872e+03 1.906946259148692853e-17
4.190650745517552423e+03 3.279657754624064528e-17
4.193268875171039326e+03 1.813418650336287225e-17
4.195887507402459960e+03 2.374745570767553456e-17
4.198506641005609708e+03 3.067155763665853860e-17
4.201126274776142964e+03 2.462405465204934923e-17
4.203746407511574944e+03 3.502586506303531531e-17
4.206367038011279874e+03 2.883121572831484614e-17
4.208988165076492805e+03 2.234735332398376403e-17
4.211609787510304159e+03 2.454778763257268542e-17
4.214231904117669728e+03 2.162041555119006881e-17
4.216854513705400677e+03 1.698095252032285197e-17
4.219477615082168086e+03 1.563106447179305149e-17
4.222101207058504770e+03 1.898767762280063714e-17
4.224725288446800732e+03 2.064584639631334402e-17
4.227349858061306804e+03 2.265410869397959618e-17
4.229974914718134642e+03 2.570838303271717260e-17
4.232600457235251270e+03 1.764510391413643147e-17
4.235226484432487268e+03 1.152043563652672817e-17
4.237852995131532225e+03 1.847961782631810491e-17
4.240479988155932006e+03 2.859831115312702505e-17
4.243107462331096031e+03 1.913834762823973708e-17
4.245735416484290909e+03 2.478688586911436114e-17
4.248363849444644075e+03 2.107036884092730751e-17
4.250992760043141971e+03 2.179130667463762626e-17
4.253622147112630046e+03 1.900321459475658890e-17
4.256252009487812757e+03 1.953424633526237905e-17
4.258882346005257205e+03 2.234675830342688936e-17
4.261513155503386770e+03 3.309587720720173401e-17
4.264144436822485659e+03 2.341683749776301491e-17
4.266776188804697995e+03 2.383036770845708779e-17
4.269408410294025998e+03 1.728451635025901116e-17
4.272041100136332716e+03 2.397921730877793738e-17
4.274674257179340202e+03 2.336714650793601995e-17
4.277307880272631337e+03 1.886449071137391682e-17
4.279941968267645279e+03 2.553149101731723776e-17
4.282576520017684743e+03 1.466027677211693025e-17
4.285211534377909629e+03 1.340871264829029273e-17
4.287847010205339757e+03 2.864999638319255867e-17
4.290482946358853951e+03 2.506861738650029759e-17
4.293119341699191864e+03 1.221129253528397535e-17
4.295756195088952154e+03 1.625111309956749621e-17
4.298393505392592488e+03 1.607858571373603233e-17
4.301031271476430447e+03 2.695019299145821608e-17
4.303669492208643533e+03 1.630284541185963213e-17
4.306308166459267341e+03 2.453254025014479780e-17
4.308947293100200113e+03 2.688110419999846834e-17
4.311586871005194553e+03 1.995577762254856553e-17
4.314226899049869644e+03 1.577905826211902688e-17
4.316867376111697013e+03 1.496358362812545762e-17
4.319508301070013658e+03 2.136570586536147664e-17
4.322149672806011040e+03 1.764212025443597521e-17
4.324791490202744171e+03 1.872234009249376228e-17
4.327433752145125254e+03 5.347585854520119069e-18
4.330076457519927317e+03 1.691588096204179694e-17
4.332719605215781485e+03 2.028798481814842051e-17
4.335363194123180619e+03 1.223124832576312733e-17
4.338007223134474771e+03 2.743013927844090375e-17
4.340651691143875723e+03 2.605270355330432117e-17
4.343296597047452451e+03 1.644036592009936849e-17
4.345941939743135663e+03 1.489906577713754901e-17
4.348587718130714165e+03 1.817559518011306231e-17
4.351233931111835773e+03 2.013075636762551131e-17
4.353880577590010944e+03 1.658641942631710227e-17
4.356527656470606416e+03 1.263313319362363070e-17
4.359175166660849754e+03 2.320844825459198440e-17
4.361823107069827529e+03 2.270425308713084874e-17
4.364471476608486228e+03 2.353931556917201125e-17
4.367120274189632255e+03 1.448336606206334123e-17
4.369769498727931932e+03 1.537830432653654911e-17
4.372419149139908768e+03 1.752524712158512522e-17
4.375069224343948008e+03 2.137860556983165370e-17
4.377719723260293904e+03 2.570749513021678957e-17
4.380370644811050624e+03 1.421553715305774029e-17
4.383021987920181346e+03 1.130289728793272364e-17
4.385673751513508250e+03 2.251397346522631372e-17
4.388325934518713439e+03 2.169893174623621102e-17
4.390978535865339836e+03 2.316933160340212607e-17
4.393631554484788467e+03 2.115399351750539911e-17
4.396284989310320270e+03 1.312046044060934839e-17
4.398938839277055195e+03 2.255879397750531730e-17
4.401593103321974013e+03 2.034983380955172549e-17
4.404247780383915597e+03 2.487860660267528214e-17
4.406902869403579643e+03 2.255903533773750126e-17
4.409558369323524857e+03 2.106053083276546786e-17
4.412214279088168041e+03 2.336983824567889928e-17
4.414870597643788642e+03 1.068139924524968302e-17
4.417527323938523296e+03 1.534968493725656477e-17
4.420184456922368554e+03 1.506297703472563042e-17
4.422841995547180886e+03 2.328863221814595333e-17
4.425499938766675768e+03 1.895815526710018605e-17
4.428158285536429503e+03 3.031638629125738462e-17
4.430817034813875580e+03 1.164509539574507765e-17
4.433476185558311045e+03 1.459656954497069538e-17
4.436135736730886492e+03 1.591740374750650682e-17
4.438795687294617892e+03 2.428826591394216088e-17
4.441456036214377491e+03 1.780926216571073459e-17
4.444116782456898363e+03 1.993866246765065150e-17
4.446777924990771680e+03 2.065259486832464880e-17
4.449439462786450349e+03 1.750318656709864955e-17
4.452101394816244465e+03 2.118039573498304846e-17
4.454763720054325859e+03 2.540814960691771364e-17
4.457426437476724459e+03 2.135460193052136020e-17
4.460089546061329202e+03 2.665346763720741583e-17
4.462753044787890758e+03 2.348464130110432391e-17
4.465416932638017897e+03 1.856435827645334763e-17
4.468081208595178396e+03 2.541731232271415386e-17
4.470745871644700856e+03 2.295320670737696849e-17
4.473410920773771977e+03 1.778908628867076867e-17
4.476076354971439287e+03 1.611529768203243620e-17
4.478742173228610227e+03 1.391855624276366896e-17
4.481408374538050339e+03 1.961787026853000264e-17
4.484074957894384170e+03 2.133928459561670945e-17
4.486741922294098913e+03 2.840442879714320346e-17
4.489409266735538040e+03 2.828317312799204086e-17
4.492076990218905848e+03 1.925406821065631613e-17
4.494745091746266553e+03 2.782773555224638625e-17
4.497413570321543375e+03 1.504331605298540096e-17
4.500082424950518543e+03 2.142377631103449450e-17
4.502751654640836932e+03 1.704416124565133785e-17
4.505421258401996965e+03 1.511849708087596290e-17
4.508091235245363350e+03 1.848140258483626848e-17
4.510761584184155254e+03 1.291688350900113150e-17
4.513432304233454488e+03 2.560377082848376000e-17
4.516103394410200053e+03 1.813933855162864815e-17
4.518774853733191776e+03 2.916316247720021846e-17
4.521446681223089399e+03 2.276634206619248950e-17
4.524118875902411673e+03 2.122229115460797491e-17
4.526791436795536356e+03 2.025236311058229958e-17
4.529464362928702030e+03 2.016197309744956877e-17
4.532137653330005378e+03 1.996191506311197747e-17
4.534811307029403906e+03 1.933074014126121794e-17
4.537485323058712311e+03 1.937397992607213065e-17
4.540159700451608842e+03 1.606910294583237324e-17
4.542834438243628028e+03 1.264971554068404435e-17
4.545509535472164316e+03 1.355054437297569678e-17
4.548184991176473886e+03 1.555479469034605687e-17
4.550860804397669199e+03 1.957140043783526568e-17
4.553536974178724449e+03 2.094900069302542787e-17
4.556213499564473750e+03 1.149145685858130174e-17
4.558890379601607492e+03 1.747316600298862266e-17
4.561567613338681440e+03 1.444941183000384593e-17
4.564245199826103999e+03 1.635978350622901765e-17
4.566923138116148948e+03 1.819271022963665301e-17
4.569601427262945435e+03 1.556934393657840214e-17
4.572280066322485254e+03 1.365331658892511594e-17
4.574959054352617386e+03 1.660582080036398031e-17
4.577638390413051638e+03 2.066037985829616255e-17
4.580318073565356826e+03 1.648505452937159345e-17
4.582998102872962590e+03 1.850873949723373516e-17
4.585678477401155760e+03 2.235507186830224219e-17
4.588359196217083991e+03 2.111402297843323910e-17
4.591040258389755763e+03 2.699540593612270061e-17
4.593721662990035838e+03 2.600686716426216032e-17
4.596403409090652531e+03 1.506014039912427457e-17
4.599085495766190434e+03 1.553189240538647084e-17
4.601767922093094967e+03 1.846773365010736869e-17
4.604450687149671467e+03 2.108171624730106749e-17
4.607133790016083367e+03 2.119707600276778206e-17
4.609817229774355837e+03 2.165430494116207549e-17
4.612501005508371236e+03 2.645465808642087427e-17
4.615185116303873656e+03 2.551572678626612307e-17
4.617869561248465288e+03 2.516559073326570474e-17
4.620554339431608241e+03 2.146208993100325570e-17
4.623239449944623630e+03 2.209379540979224570e-17
4.625924891880692485e+03 1.760298174432409215e-17
4.628610664334855755e+03 2.450291880406834667e-17
4.631296766404015216e+03 2.312473498086627558e-17
4.633983197186928010e+03 2.439562285064224016e-17
4.636669955784215745e+03 3.225074258755260480e-17
4.639357041298356307e+03 2.406217724053482822e-17
4.642044452833687501e+03 2.221042667833490698e-17
4.644732189496407955e+03 2.522521073430010353e-17
4.647420250394576215e+03 2.900146888043112214e-17
4.650108634638107105e+03 3.688490753837785374e-17
4.652797341338778097e+03 2.653405719125390521e-17
4.655486369610225665e+03 3.322358851053977603e-17
4.658175718567944386e+03 3.093441193687297873e-17
4.660865387329291480e+03 3.177610838189227649e-17
4.663555375013479534e+03 3.379010736782241910e-17
4.666245680741583783e+03 2.461875791315745763e-17
4.668936303636537559e+03 3.945346408441295738e-17
4.671627242823134111e+03 3.463123180400048622e-17
4.674318497428026603e+03 2.806088083179363271e-17
4.677010066579728118e+03 3.858612055550178958e-17
4.679701949408608925e+03 2.769252497286250819e-17
4.682394145046901940e+03 2.994513818979746492e-17
4.685086652628697266e+03 3.522297844903081271e-17
4.687779471289946741e+03 3.709891110265907477e-17
4.690472600168458484e+03 3.679002258071651100e-17
4.693166038403903258e+03 3.528135499852143403e-17
4.695859785137809922e+03 3.737113725534934337e-17
4.698553839513567254e+03 3.803414796882884673e-17
4.701248200676423949e+03 3.520211043098151511e-17
4.703942867773486796e+03 4.292174826364019250e-17
4.706637839953723415e+03 3.277381610515460895e-17
4.709333116367961338e+03 3.159019499033649800e-17
4.712028696168885290e+03 3.697341944818021685e-17
4.714724578511043546e+03 2.978894194407469967e-17
4.717420762550839754e+03 3.920148784559627527e-17
4.720117247446539295e+03 4.000742781210554781e-17
4.722814032358266559e+03 3.935227900026451106e-17
4.725511116448006760e+03 3.944377364455811322e-17
4.728208498879602303e+03 3.375463601557865166e-17
4.730906178818756416e+03 3.521076971088215148e-17
4.733604155433031337e+03 4.249722070477325860e-17
4.736302427891851039e+03 3.126755370118680691e-17
4.739000995366495772e+03 4.355452179851739563e-17
4.741699857030106614e+03 3.149101860020016082e-17
4.744399012057685468e+03 3.754975314531828615e-17
4.747098459626091426e+03 4.233082123786947839e-17
4.749798198914046225e+03 4.159970416257252002e-17
4.752498229102127880e+03 4.419630923809436181e-17
4.755198549372775233e+03 3.667629918368459623e-17
4.757899158910287042e+03 3.102620149167676619e-17
4.760600056900821983e+03 3.859525956204502606e-17
4.763301242532397737e+03 4.018293236161646318e-17
4.766002714994890084e+03 4.066808943400166396e-17
4.768704473480036540e+03 4.180195510380203602e-17
4.771406517181432719e+03 3.108206874540549062e-17
4.774108845294535968e+03 2.576972910373147638e-17
4.776811457016659915e+03 3.970207960832803811e-17
4.779514351546979015e+03 3.105341140319309871e-17
4.782217528086529455e+03 4.271094199156913616e-17
4.784920985838204615e+03 2.805205501818073013e-17
4.787624724006756878e+03 3.167485141852784380e-17
4.790328741798799456e+03 3.865970432464738441e-17
4.793033038422805475e+03 3.857803810983247741e-17
4.795737613089106162e+03 3.557835888275540171e-17
4.798442465009894477e+03 3.143256999119257082e-17
4.801147593399219659e+03 3.111552817665669374e-17
4.803852997472993593e+03 3.034921047314932003e-17
4.806558676448987171e+03 2.929822659229353387e-17
4.809264629546827564e+03 3.215181694734056825e-17
4.811970855988007315e+03 3.088244145311816166e-17
4.814677354995871610e+03 2.729510196056628959e-17
4.817384125795631917e+03 3.303305315321210290e-17
4.820091167614354163e+03 4.006942267217627211e-17
4.822798479680966921e+03 3.787594498304222847e-17
4.825506061226256861e+03 3.460158317942990719e-17
4.828213911482869662e+03 2.177026739675529768e-17
4.830922029685311827e+03 2.954397087719046978e-17
4.833630415069948867e+03 2.666467394180457539e-17
4.836339066875007120e+03 3.048361213066110597e-17
4.839047984340569201e+03 3.633125999722811965e-17
4.841757166708580371e+03 2.888177327413721261e-17
4.844466613222844899e+03 2.817949079002169135e-17
4.847176323129024240e+03 2.199944147197654601e-17
4.849886295674642497e+03 3.339422005358878510e-17
4.852596530109081868e+03 1.748412504534630652e-17
4.855307025683583561e+03 2.419117558687404674e-17
4.858017781651250516e+03 2.773345838335798562e-17
4.860728797267041955e+03 3.087718695353170412e-17
4.863440071787778834e+03 2.429442036649852287e-17
4.866151604472141116e+03 3.235766603851374828e-17
4.868863394580669592e+03 3.363760917338709783e-17
4.871575441375761329e+03 2.682474151708642447e-17
4.874287744121676951e+03 2.420820573125816119e-17
4.877000302084532450e+03 2.692810240579385818e-17
4.879713114532307372e+03 2.899841898164750509e-17
4.882426180734837544e+03 2.906030885137815823e-17
4.885139499963821436e+03 2.967832651885539689e-17
4.887853071492813797e+03 1.387984152806015493e-17
4.890566894597231112e+03 2.507538972852773141e-17
4.893280968554348874e+03 3.214826002445870754e-17
4.895995292643301582e+03 1.952606655338951888e-17
4.898709866145083652e+03 2.338570637893114818e-17
4.901424688342549416e+03 2.604981655744585596e-17
4.904139758520412215e+03 3.646665426355708605e-17
4.906855075965246215e+03 3.132639762983418254e-17
4.909570639965481860e+03 1.876731449186298618e-17
4.912286449811412240e+03 3.107871940670362384e-17
4.915002504795190362e+03 2.451574808915201601e-17
4.917718804210825510e+03 3.071738858291296640e-17
4.920435347354189616e+03 3.512724345294396796e-17
4.923152133523012708e+03 2.630661026209588304e-17
4.925869162016884729e+03 2.600903886121139483e-17
4.928586432137254633e+03 2.429153011564648305e-17
4.931303943187431287e+03 2.554787568169267302e-17
4.934021694472583476e+03 2.743244926056962982e-17
4.936739685299738994e+03 1.595574832893794474e-17
4.939457914977785549e+03 1.343446933409475461e-17
4.942176382817470767e+03 1.538726330189373977e-17
4.944895088131399461e+03 2.270272730843665068e-17
4.947614030234040001e+03 2.444084873804087548e-17
4.950333208441717034e+03 2.148607434405034894e-17
4.953052622072615122e+03 2.866330575431518522e-17
4.955772270446778748e+03 2.572917206787077734e-17
4.958492152886114127e+03 2.041275514679253622e-17
4.961212268714383754e+03 3.153856967457377638e-17
4.963932617257210950e+03 3.620798653157744711e-17
4.966653197842078953e+03 3.807493549751484578e-17
4.969374009798330007e+03 2.816794879951453399e-17
4.972095052457167185e+03 2.566595670411702205e-17
4.974816325151648925e+03 2.816219126448988137e-17
4.977537827216699952e+03 2.147216477321993924e-17
4.980259557989098539e+03 3.230471151675519315e-17
4.982981516807485605e+03 2.851662546511895003e-17
4.985703703012361075e+03 2.993122906950945518e-17
4.988426115946083883e+03 3.103288375067143828e-17
4.991148754952871968e+03 2.889868388993399757e-17
4.993871619378804098e+03 2.414563818325638992e-17
4.996594708571818956e+03 2.633351011044887512e-17
4.999318021881712411e+03 2.735293874393686538e-17
5.002041558660142982e+03 2.163597990260580440e-17
5.004765318260625463e+03 2.663788131094452403e-17
5.007489300038536385e+03 2.801168312563400703e-17
5.010213503351112195e+03 1.482516707834880481e-17
5.012937927557446528e+03 2.092806405021219939e-17
5.015662572018494757e+03 2.036304733661758129e-17
5.018387436097071259e+03 2.210464291549505744e-17
5.021112519157848510e+03 2.122854795910785616e-17
5.023837820567360723e+03 2.293672928070646370e-17
5.026563339694000206e+03 2.330379342903688336e-17
5.029289075908019186e+03 3.066677746942440634e-17
5.032015028581529805e+03 1.800807038315430354e-17
5.034741197088503213e+03 3.142379297713133476e-17
5.037467580804770478e+03 2.658297334587282864e-17
5.040194179108020762e+03 2.832955515009783040e-17
5.042920991377805876e+03 2.937691209434076309e-17
5.045648016995533908e+03 3.084757362461398954e-17
5.048375255344474681e+03 2.920132284315998593e-17
5.051102705809757026e+03 2.779492015476151744e-17
5.053830367778367872e+03 1.864449939051441319e-17
5.056558240639154974e+03 3.118586880751887390e-17
5.059286323782826912e+03 2.056244025349212860e-17
5.062014616601948546e+03 1.992526648781754554e-17
5.064743118490947381e+03 2.905921146718883746e-17
5.067471828846109020e+03 3.477803989844943326e-17
5.070200747065578071e+03 2.810357336824983987e-17
5.072929872549360880e+03 3.204992923641120142e-17
5.075659204699320071e+03 3.421121394110384926e-17
5.078388742919180913e+03 3.266466074946658702e-17
5.081118486614526773e+03 3.490442342183087059e-17
5.083848435192799116e+03 3.013506479549609580e-17
5.086578588063302050e+03 3.692547714584093116e-17
5.089308944637196873e+03 4.725710985292450088e-17
5.092039504327506620e+03 3.654917307415881275e-17
5.094770266549110602e+03 4.579726653845297929e-17
5.097501230718749866e+03 3.930885656750689455e-17
5.100232396255025378e+03 4.373262841579777603e-17
5.102963762578397109e+03 5.159259699400284592e-17
5.105695329111184037e+03 4.138414724031220918e-17
5.108427095277564149e+03 4.042604010956022207e-17
5.111159060503576256e+03 4.223361785319417851e-17
5.113891224217119088e+03 4.658189868153487953e-17
5.116623585847949471e+03 4.105949229559360473e-17
5.119356144827684147e+03 4.105214610719762396e-17
5.122088900589800687e+03 3.534801124632012228e-17
5.124821852569633847e+03 3.797553753836549099e-17
5.127555000204380121e+03 3.387255468191683541e-17
5.130288342933094100e+03 4.212495329585765436e-17
5.133021880196690290e+03 3.223492892627851468e-17
5.135755611437944026e+03 3.103956530999558171e-17
5.138489536101487829e+03 3.115165899207692183e-17
5.141223653633815957e+03 3.082015970416902212e-17
5.143957963483280764e+03 3.136086224981478985e-17
5.146692465100093614e+03 3.616000252344646039e-17
5.149427157936328513e+03 3.662090018271807887e-17
5.152162041445915747e+03 3.009228495177130079e-17
5.154897115084647339e+03 3.177836448144298083e-17
5.157632378310171589e+03 1.613886507856613330e-17
5.160367830582000352e+03 2.352747279773222117e-17
5.163103471361502670e+03 2.856633353265695880e-17
5.165839300111907505e+03 2.847831705161950146e-17
5.168575316298303733e+03 2.417585964718223942e-17
5.171311519387640146e+03 3.075646205730641034e-17
5.174047908848722727e+03 2.658292057008417211e-17
5.176784484152221012e+03 2.601356907745416904e-17
5.179521244770659905e+03 3.458463376890236162e-17
5.182258190178427867e+03 3.178612884852363195e-17
5.184995319851768727e+03 2.234902249220501508e-17
5.187732633268788959e+03 2.872669500776500823e-17
5.190470129909452226e+03 2.209152494292074741e-17
5.193207809255585744e+03 2.643805805006290342e-17
5.195945670790871191e+03 2.267945676505763452e-17
5.198683714000853797e+03 2.060554248042067755e-17
5.201421938372934164e+03 3.170089183673163226e-17
5.204160343396377357e+03 2.401208440440888710e-17
5.206898928562304718e+03 3.774701857346193120e-17
5.209637693363697508e+03 1.822257409888005134e-17
5.212376637295397813e+03 2.565665600052631188e-17
5.215115759854106727e+03 3.106737971312592678e-17
5.217855060538382531e+03 2.524550139630091087e-17
5.220594538848647971e+03 3.227904973131177786e-17
5.223334194287181163e+03 2.996979067502587078e-17
5.226074026358120136e+03 3.260364151082437200e-17
5.228814034567464660e+03 2.752096461105571783e-17
5.231554218423072598e+03 3.223733115460510379e-17
5.234294577434660823e+03 3.379261823133041330e-17
5.237035111113806124e+03 3.590288195052602418e-17
5.239775818973947025e+03 3.340450620304641356e-17
5.242516700530377420e+03 2.819475387142406153e-17
5.245257755300255667e+03 3.458648186103757820e-17
5.247998982802593673e+03 2.912347762208245751e-17
5.250740382558269630e+03 2.889974926299110759e-17
5.253481954090015279e+03 3.094831381123941791e-17
5.256223696922426825e+03 3.741420842886764384e-17
5.258965610581955843e+03 3.331866945734805963e-17
5.261707694596914735e+03 3.083506741134351568e-17
5.264449948497478545e+03 3.811048569285626529e-17
5.267192371815677689e+03 3.770826726440182609e-17
5.269934964085403408e+03 2.698401580452093227e-17
5.272677724842407770e+03 3.459373714958257835e-17
5.275420653624299121e+03 3.727518335765097237e-17
5.278163749970550271e+03 4.028675697676712022e-17
5.280907013422491218e+03 2.705049254479283265e-17
5.283650443523309150e+03 3.152001969849387502e-17
5.286394039818053898e+03 4.209061982325212994e-17
5.289137801853633391e+03 3.457767151977057201e-17
5.291881729178815476e+03 3.681078523456700846e-17
5.294625821344227916e+03 2.978122972458278030e-17
5.297370077902358389e+03 2.652859164181512679e-17
5.300114498407550855e+03 3.399160715108910696e-17
5.302859082416014644e+03 3.184818095044514285e-17
5.305603829485811730e+03 3.753238771720210033e-17
5.308348739176870367e+03 4.504460509500600450e-17
5.311093811050974182e+03 4.390958490998543228e-17
5.313839044671765805e+03 4.686414398343074417e-17
5.316584439604750514e+03 2.961064293169134554e-17
5.319329995417292594e+03 3.803697365262337387e-17
5.322075711678611697e+03 3.213684297887590935e-17
5.324821587959791941e+03 3.790277483050375869e-17
5.327567623833775542e+03 4.018322914504491816e-17
5.330313818875363722e+03 4.030574684967592294e-17
5.333060172661216711e+03 3.981295209002315585e-17
5.335806684769854655e+03 4.518160996400666325e-17
5.338553354781658527e+03 4.931055190058459529e-17
5.341300182278868306e+03 3.598534175621251835e-17
5.344047166845581160e+03 3.657210399137382225e-17
5.346794308067757811e+03 4.279843453381634189e-17
5.349541605533215261e+03 4.737421325460629622e-17
5.352289058831631337e+03 4.234296862650893111e-17
5.355036667554542873e+03 3.706537662410436482e-17
5.357784431295347531e+03 4.199147452722127377e-17
5.360532349649300158e+03 3.645397546393439717e-17
5.363280422213518250e+03 4.210096996620317160e-17
5.366028648586976487e+03 3.032566006104032797e-17
5.368777028370509470e+03 3.738613228322103758e-17
5.371525561166812622e+03 4.912094618839409833e-17
5.374274246580438557e+03 4.462881717386250021e-17
5.377023084217802534e+03 4.734185024046487877e-17
5.379772073687174270e+03 4.556982008976443488e-17
5.382521214598690676e+03 5.057888208419565529e-17
5.385270506564340394e+03 5.351283414440821130e-17
5.388019949197978349e+03 4.183282373877181313e-17
5.390769542115313016e+03 5.062672996806028498e-17
5.393519284933915515e+03 4.956314118136364050e-17
5.396269177273216883e+03 4.027513904463101075e-17
5.399019218754507165e+03 4.198468934899698144e-17
5.401769409000934502e+03 4.955758549891537077e-17
5.404519747637509681e+03 5.736028671953889234e-17
5.407270234291099769e+03 4.863393148415269090e-17
5.410020868590432656e+03 4.995878776678780180e-17
5.412771650166096151e+03 4.832283942267649335e-17
5.415522578650536161e+03 5.322755285900630956e-17
5.418273653678062146e+03 4.796375911957490171e-17
5.421024874884837118e+03 4.503990388794826011e-17
5.423776241908889460e+03 4.656414413397192423e-17
5.426527754390102928e+03 5.485813369048612945e-17
5.429279411970221190e+03 5.022301798226218105e-17
5.432031214292850564e+03 5.076519846063115086e-17
5.434783161003454552e+03 5.040850198456003542e-17
5.437535251749354757e+03 4.754245788123381369e-17
5.440287486179735424e+03 4.526289942060815638e-17
5.443039863945639809e+03 4.550656720956130328e-17
5.445792384699967442e+03 4.320623182709315914e-17
5.448545048097481413e+03 5.481812607241226877e-17
5.451297853794802904e+03 3.841163363600110652e-17
5.454050801450412109e+03 4.071844157632074673e-17
5.456803890724650046e+03 4.915411091455632012e-17
5.459557121279714011e+03 5.974344840521524457e-17
5.462310492779664855e+03 5.554964634305161648e-17
5.465064004890422439e+03 5.322391870011452141e-17
5.467817657279761988e+03 5.182853225966990907e-17
5.470571449617324106e+03 5.495585167298846074e-17
5.473325381574604762e+03 4.762530487770397644e-17
5.476079452824960754e+03 6.412572637621400919e-17
5.478833663043607885e+03 4.975876849255857163e-17
5.481588011907624605e+03 5.050337563470175368e-17
5.484342499095943822e+03 3.739741225318646192e-17
5.487097124289362000e+03 4.802216724724592127e-17
5.489851887170532791e+03 5.670513318428106256e-17
5.492606787423970673e+03 5.228334054144332765e-17
5.495361824736050039e+03 4.254273557476577269e-17
5.498116998795003383e+03 5.138558726639261199e-17
5.500872309290922203e+03 5.970908522719824421e-17
5.503627755915760645e+03 4.787594269927004068e-17
5.506383338363330040e+03 5.220083767355909329e-17
5.509139056329300729e+03 5.077525060488211268e-17
5.511894909511204787e+03 5.833317801476983825e-17
5.514650897608431478e+03 6.636680244079039605e-17
5.517407020322232711e+03 5.905611237514109473e-17
5.520163277355715763e+03 4.282631180571108271e-17
5.522919668413849649e+03 4.577963421135221595e-17
5.525676193203464209e+03 4.677176039504970582e-17
5.528432851433247379e+03 5.457714028776201946e-17
5.531189642813746104e+03 6.098092421254208438e-17
5.533946567057369066e+03 5.827976859287639782e-17
5.536703623878380313e+03 4.750061370761840663e-17
5.539460812992908359e+03 4.099127774675013162e-17
5.542218134118937996e+03 6.056261913864724066e-17
5.544975586976313934e+03 5.836884923514949129e-17
5.547733171286742618e+03 4.827534226276718425e-17
5.550490886773787679e+03 5.126285516419724720e-17
5.553248733162872668e+03 5.227911058842038636e-17
5.556006710181280141e+03 4.978300375546508673e-17
5.558764817558156210e+03 5.333203590383904543e-17
5.561523055024499627e+03 5.061576331495706699e-17
5.564281422313175426e+03 4.762283562836891553e-17
5.567039919158904013e+03 4.730704752390897523e-17
5.569798545298266617e+03 3.866619921253093661e-17
5.572557300469703478e+03 3.019850802693509855e-17
5.575316184413515657e+03 3.186721028640047289e-17
5.578075196871863227e+03 5.208032521777648237e-17
5.580834337588763447e+03 3.651311354178256849e-17
5.583593606310097130e+03 4.204337388664258881e-17
5.586353002783601369e+03 3.957741696799568464e-17
5.589112526758874992e+03 4.767795600091822020e-17
5.591872177987375835e+03 5.765894695199860665e-17
5.594631956222418921e+03 4.184185629182524895e-17
5.597391861219182829e+03 3.991678735011580173e-17
5.600151892734702415e+03 4.727903319419497390e-17
5.602912050527873362e+03 4.767432892416669827e-17
5.605672334359451270e+03 4.993561222548776215e-17
5.608432743992051655e+03 4.394154697182816866e-17
5.611193279190147223e+03 4.886527705821761622e-17
5.613953939720071503e+03 3.764481484883273770e-17
5.616714725350018853e+03 5.029823821933446636e-17
5.619475635850041726e+03 4.223473164688274659e-17
5.622236670992052495e+03 4.193639487355527803e-17
5.624997830549822538e+03 4.126858186996902676e-17
5.627759114298984969e+03 4.051311338701532840e-17
5.630520522017028270e+03 4.037675848113968102e-17
5.633282053483304480e+03 4.582330895217705065e-17
5.636043708479024644e+03 4.470774880003977861e-17
5.638805486787256086e+03 4.264993789472898640e-17
5.641567388192928775e+03 4.883079462803339237e-17
5.644329412482831685e+03 3.812254573174457301e-17
5.647091559445612802e+03 5.302683424943393327e-17
5.649853828871780024e+03 4.593789921091989273e-17
5.652616220553701169e+03 5.183986942706024101e-17
5.655378734285601240e+03 5.162107816257469407e-17
5.658141369863568798e+03 5.698064249627573703e-17
5.660904127085547771e+03 4.766048151414013349e-17
5.663667005751345641e+03 4.846307768289827297e-17
5.666430005662625263e+03 5.049644156897289402e-17
5.669193126622911223e+03 4.584171175344456124e-17
5.671956368437589845e+03 4.961607664844451915e-17
5.674719730913902822e+03 5.095331201574647583e-17
5.677483213860953583e+03 4.372029705300164431e-17
5.680246817089704564e+03 5.252923548155360911e-17
5.683010540412979026e+03 5.761819043556536340e-17
5.685774383645457419e+03 3.806908887119007468e-17
5.688538346603681020e+03 5.158652522921944943e-17
5.691302429106051932e+03 4.320234590893507649e-17
5.694066630972829444e+03 4.238712952451878783e-17
5.696830952026133673e+03 4.574968545878150255e-17
5.699595392089943743e+03 5.476840085754779972e-17
5.702359950990098696e+03 4.363725241833970190e-17
5.705124628554297487e+03 3.969856682767990336e-17
5.707889424612098082e+03 4.551096286983766899e-17
5.710654338994916543e+03 5.148951726138805286e-17
5.713419371536032486e+03 4.612731695433167324e-17
5.716184522070580897e+03 3.683684195793410531e-17
5.718949790435557588e+03 4.847115249174716282e-17
5.721715176469819198e+03 4.464987423242327676e-17
5.724480680014081372e+03 4.189010723918386203e-17
5.727246300910917853e+03 5.282510893389587631e-17
5.730012039004764119e+03 4.803989247637500973e-17
5.732777894141912839e+03 4.298726396908562110e-17
5.735543866170517504e+03 2.952706828170235025e-17
5.738309954940592434e+03 3.995799573248665281e-17
5.741076160304008226e+03 3.478710251965900992e-17
5.743842482114496306e+03 4.156952560420440838e-17
5.746608920227651652e+03 5.315827471855391015e-17
5.749375474500922792e+03 4.143742270836176630e-17
5.752142144793620901e+03 4.543958219367443263e-17
5.754908930966915250e+03 3.377279821281476322e-17
5.757675832883836847e+03 4.281353399711375192e-17
5.760442850409275707e+03 3.518378334456248083e-17
5.763209983409978122e+03 4.084968274829677642e-17
5.765977231754553941e+03 4.401681446281906394e-17
5.768744595313470199e+03 4.060237805409161651e-17
5.771512073959055670e+03 3.717516746000716382e-17
5.774279667565495402e+03 4.069955063063158702e-17
5.777047376008838000e+03 4.085138098932184297e-17
5.779815199166987441e+03 4.579937784381857378e-17
5.782583136919710341e+03 5.384674043749303586e-17
5.785351189148631420e+03 3.711018220392540762e-17
5.788119355737235310e+03 3.850294131296289362e-17
5.790887636570866562e+03 5.049860241469212549e-17
5.793656031536728733e+03 4.516327210170473852e-17
5.796424540523884389e+03 4.904059267578547685e-17
5.799193163423256919e+03 4.953605888980974498e-17
5.801961900127628724e+03 4.848658586980434975e-17
5.804730750531641206e+03 4.170084547802677035e-17
5.807499714531795689e+03 4.745571223628273335e-17
5.810268792026454321e+03 4.966709708089946352e-17
5.813037982915834618e+03 3.400595443631908691e-17
5.815807287102019473e+03 4.154385449791744223e-17
5.818576704488947144e+03 5.214384824438284328e-17
5.821346234982417627e+03 4.204535189772697086e-17
5.824115878490089017e+03 3.630708819204765394e-17
5.826885634921478413e+03 3.744531093313606168e-17
5.829655504187963743e+03 3.702893669713348689e-17
5.832425486202784668e+03 4.139823139353887113e-17
5.835195580881034402e+03 3.537570902490270163e-17
5.837965788139670622e+03 4.592553619947256305e-17
5.840736107897510919e+03 4.484204062932164611e-17
5.843506540075228259e+03 3.914041500270483662e-17
5.846277084595358247e+03 3.689656159443328259e-17
5.849047741382295499e+03 4.075736402069487909e-17
5.851818510362294546e+03 2.512356254233807997e-17
5.854589391463468928e+03 4.269733990060478991e-17
5.857360384615790281e+03 4.079430611776492961e-17
5.860131489751091067e+03 3.920434383531865499e-17
5.862902706803066394e+03 3.513006896308923108e-17
5.865674035707264920e+03 3.171592445346660866e-17
5.868445476401097039e+03 3.085437187503699032e-17
5.871217028823837609e+03 3.068186472079041422e-17
5.873988692916613218e+03 3.863836147935510523e-17
5.876760468622414919e+03 4.106230750297172463e-17
5.879532355886092773e+03 2.624424351875428719e-17
5.882304354654355848e+03 4.196542875956578699e-17
5.885076464875770398e+03 2.359120215002674435e-17
5.887848686500765325e+03 3.329422361964902919e-17
5.890621019481628537e+03 2.718198150211872137e-17
5.893393463772508767e+03 3.138236900758250791e-17
5.896166019329408300e+03 1.477412347826045939e-17
5.898938686110197523e+03 3.974848741724920589e-17
5.901711464074600372e+03 2.566255682910980349e-17
5.904484353184201609e+03 2.724098306998744593e-17
5.907257353402445005e+03 3.094964916128992418e-17
5.910030464694637885e+03 2.931841522253147058e-17
5.912803687027942033e+03 3.669570115854896468e-17
5.915577020371380968e+03 2.560429167932713246e-17
5.918350464695837218e+03 2.080180268357106889e-17
5.921124019974054136e+03 2.462053319984799733e-17
5.923897686180633173e+03 2.830016301629508467e-17
5.926671463292034787e+03 2.215523392938234827e-17
5.929445351286582081e+03 2.810767099864260207e-17
5.932219350144454438e+03 1.407357315265298343e-17
5.934993459847692066e+03 3.391289048047625963e-17
5.937767680380193269e+03 2.347232614898372890e-17
5.940542011727719910e+03 2.645606880602220056e-17
5.943316453877889217e+03 2.687744733725575722e-17
5.946091006820179246e+03 3.335144332646699043e-17
5.948865670545927060e+03 3.416750881016364883e-17
5.951640445048333277e+03 3.356266771387775957e-17
5.954415330322450245e+03 3.603430203466696235e-17
5.957190326365197507e+03 2.685065425630038972e-17
5.959965433175349972e+03 3.665345697292362912e-17
5.962740650753543378e+03 3.731471905073723065e-17
5.965515979102272468e+03 3.430811824303840034e-17
5.968291418225891903e+03 3.761651579787181730e-17
5.971066968130615351e+03 3.407831616327486778e-17
5.973842628824517305e+03 4.432550801841807437e-17
5.976618400317530359e+03 4.786629272856885183e-17
5.979394282621447019e+03 3.799448486405300129e-17
5.982170275749919711e+03 4.560417974557658404e-17
5.984946379718460776e+03 4.489176851587637825e-17
5.987722594544440653e+03 4.178744736635114914e-17
5.990498920247090609e+03 3.795365279707631575e-17
5.993275356847500916e+03 4.421113212673948101e-17
5.996051904368621763e+03 5.305605944590828507e-17
5.998828562835262346e+03 5.412278782857108316e-17
6.001605332274091779e+03 5.289746810985973186e-17
6.004382212713637273e+03 5.310252655776503248e-17
6.007159204184289592e+03 5.124433442881619349e-17
6.009936306718294873e+03 5.986430475585160694e-17
6.012713520349760074e+03 5.794073559032082556e-17
6.015490845114651165e+03 6.266150004805960548e-17
6.018268281050795849e+03 5.800924327489168802e-17
6.021045828197879928e+03 7.104919398331308277e-17
6.023823486597448209e+03 6.554577455901972484e-17
6.026601256292904509e+03 5.418813586797920632e-17
6.029379137329513469e+03 6.312603055899832736e-17
6.032157129754401467e+03 5.826566793026302869e-17
6.034935233616548430e+03 6.105935741187206378e-17
6.037713448966800570e+03 6.254532271840923649e-17
6.040491775857857647e+03 6.208549944922729831e-17
6.043270214344283886e+03 6.330594897560654176e-17
6.046048764482498882e+03 6.089210771095970230e-17
6.048827426330784874e+03 5.574309376782911154e-17
6.051606199949283109e+03 5.454840760960452861e-17
6.054385085399992931e+03 6.365756446484072112e-17
6.057164082746774511e+03 5.198950365304409971e-17
6.059943192055347026e+03 5.990047906506131758e-17
6.062722413393287752e+03 5.580058204749205020e-17
6.065501746830037519e+03 5.569390056344974320e-17
6.068281192436894344e+03 6.620467478038305159e-17
6.071060750287012524e+03 5.199648045926388550e-17
6.073840420455411731e+03 5.429873329920583236e-17
6.076620203018968823e+03 5.174239118662001040e-17
6.079400098056416937e+03 6.938783411140953629e-17
6.082180105648354584e+03 6.126698128730442740e-17
6.084960225877235644e+03 5.352772329487296327e-17
6.087740458827374823e+03 5.843171925155181606e-17
6.090520804584946745e+03 5.704575504894421930e-17
6.093301263237984131e+03 6.398894929477059996e-17
6.096081834876380526e+03 6.747797707396166168e-17
6.098862519591890305e+03 5.073451582794308469e-17
6.101643317478124118e+03 5.194963923102510285e-17
6.104424228630554353e+03 6.262543362225916472e-17
6.107205253146512405e+03 6.016841867736440029e-17
6.109986391125189584e+03 5.642257933904524026e-17
6.112767642667636210e+03 5.714688958077066413e-17
6.115549007876761607e+03 5.789954796449241579e-17
6.118330486857335927e+03 6.589696066302785433e-17
6.121112079715989239e+03 4.989591091743368736e-17
6.123893786561208799e+03 6.037618842845879409e-17
6.126675607503342690e+03 6.883225660697010006e-17
6.129457542654599820e+03 6.092019171163919733e-17
6.132239592129046287e+03 5.075890351421132247e-17
6.135021756042609923e+03 6.002812814726456662e-17
6.137804034513075749e+03 5.391953686961654802e-17
6.140586427660090521e+03 5.766519370392163452e-17
6.143368935605160004e+03 5.956869922678326607e-17
6.146151558471647149e+03 5.205347497414663024e-17
6.148934296384779373e+03 5.692438555671804423e-17
6.151717149471640369e+03 5.210583085253003808e-17
6.154500117861171020e+03 5.415428585776562002e-17
6.157283201684176674e+03 4.857557983872925738e-17
6.160066401073318048e+03 5.525858827543351765e-17
6.162849716163119410e+03 4.975490156869300788e-17
6.165633147089962222e+03 5.453876959943038588e-17
6.168416693992086948e+03 4.156642729382252402e-17
6.171200357009593063e+03 4.273677728996836620e-17
6.173984136284443593e+03 5.271791636225942030e-17
6.176768031960457847e+03 4.651106232547840023e-17
6.179552044183313228e+03 4.476872402023476784e-17
6.182336173100550695e+03 3.523792404859327414e-17
6.185120418861567487e+03 3.865261994311400732e-17
6.187904781617622575e+03 5.784130211238782634e-17
6.190689261521833032e+03 4.726717839560833505e-17
6.193473858729175845e+03 4.004624836343321724e-17
6.196258573396487918e+03 5.000784959561553104e-17
6.199043405682465163e+03 3.632957743694003604e-17
6.201828355747663409e+03 4.129130301002234690e-17
6.204613423754497489e+03 4.097057519598298061e-17
6.207398609867243067e+03 3.896112453507261972e-17
6.210183914252032991e+03 3.910818615449717292e-17
6.212969337076863667e+03 4.390534198386885877e-17
6.215754878511585048e+03 4.444795550861724735e-17
6.218540538727913372e+03 5.113377012654402261e-17
6.221326317899418427e+03 4.252438856001488467e-17
6.224112216201534466e+03 3.658087147002213009e-17
6.226898233811551108e+03 4.317945445340641939e-17
6.229684370908619712e+03 3.902157163381314693e-17
6.232470627673752460e+03 3.606829577253023211e-17
6.235257004289817814e+03 3.957620983460233073e-17
6.238043500941546881e+03 3.105118970222757896e-17
6.240830117815527046e+03 3.769043826593765843e-17
6.243616855100208340e+03 3.857430333678268224e-17
6.246403712985898892e+03 3.837632310120104349e-17
6.249190691664765836e+03 4.661331164377147888e-17
6.251977791330838954e+03 3.845845225933249235e-17
6.254765012180001577e+03 3.484808253134283230e-17
6.257552354410002408e+03 4.578446997130824535e-17
6.260339818220447341e+03 3.831867718461480015e-17
6.263127403812801276e+03 4.325861834123286480e-17
6.265915111390389029e+03 3.147309276404491595e-17
6.268702941158396243e+03 3.203306657482489399e-17
6.271490893323866658e+03 3.641342481019075015e-17
6.274278968095703021e+03 4.760939376239153483e-17
6.277067165684669817e+03 3.139503905507681466e-17
6.279855486303389625e+03 3.919027359548165628e-17
6.282643930166343125e+03 3.686442760163294454e-17
6.285432497489875459e+03 2.920618302148408911e-17
6.288221188492183501e+03 4.180908130322662769e-17
6.291010003393332227e+03 3.883202264140390284e-17
6.293798942415239253e+03 3.531048859713442199e-17
6.296588005781686661e+03 4.617949645552790106e-17
6.299377193718311901e+03 4.136998131989195272e-17
6.302166506452616886e+03 4.131875653112306458e-17
6.304955944213956172e+03 4.029763157244709626e-17
6.307745507233551507e+03 4.106893653910956069e-17
6.310535195744478187e+03 4.994347518970236844e-17
6.313325009981675066e+03 3.388158748557434019e-17
6.316114950181938184e+03 3.843083325879334933e-17
6.318905016583923498e+03 3.926673532952815177e-17
6.321695209428147791e+03 3.928582638324474449e-17
6.324485528956985945e+03 4.181704094140220886e-17
6.327275975414671848e+03 3.853555625500419950e-17
6.330066549047300214e+03 5.126127271670290603e-17
6.332857250102826583e+03 4.201358562276285121e-17
6.335648078831063685e+03 5.069993295094920228e-17
6.338439035483683256e+03 4.202894940194578772e-17
6.341230120314218766e+03 3.853213513370984490e-17
6.344021333578062695e+03 3.658105347540563173e-17
6.346812675532466528e+03 3.490294919611465606e-17
6.349604146436540759e+03 4.177434702673234040e-17
6.352395746551257616e+03 4.745587353985027327e-17
6.355187476139446517e+03 3.745232951007976197e-17
6.357979335465795884e+03 4.882965145777834903e-17
6.360771324796856788e+03 4.864048469941690782e-17
6.363563444401037486e+03 5.246325659766539660e-17
6.366355694548607062e+03 4.750005145276779476e-17
6.369148075511693605e+03 3.920419753957387619e-17
6.371940587564282396e+03 4.427748075077606204e-17
6.374733230982223176e+03 4.751419557481779395e-17
6.377526006043220150e+03 5.109824039959915275e-17
6.380318913026841983e+03 5.104181791178150885e-17
6.383111952214510893e+03 4.924884135710323652e-17
6.385905123889515380e+03 4.588991631188326730e-17
6.388698428336999314e+03 5.015555939723437383e-17
6.391491865843965570e+03 4.283323746237497756e-17
6.394285436699279671e+03 5.437612208987887333e-17
6.397079141193662508e+03 5.266126178422426213e-17
6.399872979619700345e+03 5.219966346781486001e-17
6.402666952271832088e+03 4.010385005415142868e-17
6.405461059446362924e+03 4.892226057267624420e-17
6.408255301441451593e+03 5.424276351436717015e-17
6.411049678557120387e+03 5.562976306880118867e-17
6.413844191095249698e+03 4.968184503463186400e-17
6.416638839359579833e+03 5.115580792494454649e-17
6.419433623655710107e+03 4.843036554266260684e-17
6.422228544291099752e+03 4.961090771172099496e-17
6.425023601575067005e+03 5.386326876856962397e-17
6.427818795818790932e+03 4.503833551959809880e-17
6.430614127335308694e+03 5.074633747980856773e-17
6.433409596439518282e+03 4.673469600897497247e-17
6.436205203448175780e+03 5.348136207070515265e-17
6.439000948679897192e+03 5.773759516255519667e-17
6.441796832455160256e+03 4.624086060222295368e-17
6.444592855096299900e+03 4.606057100499612729e-17
6.447389016927509147e+03 5.779718579754800071e-17
6.450185318274844576e+03 5.458628502569196105e-17
6.452981759466219046e+03 5.335203954021406979e-17
6.455778340831407149e+03 4.753586366241579687e-17
6.458575062702040668e+03 5.102867741949110982e-17
6.461371925411614939e+03 4.948761471908135195e-17
6.464168929295479757e+03 4.929727536157297714e-17
6.466966074690846654e+03 6.325286193824827376e-17
6.469763361936787987e+03 5.319255114372692479e-17
6.472560791374235123e+03 6.191795976486868048e-17
6.475358363345978432e+03 5.063173203494490623e-17
6.478156078196665476e+03 5.364735173358063691e-17
6.480953936272808278e+03 5.846807063518473050e-17
6.483751937922775141e+03 5.503205068455052861e-17
6.486550083496794286e+03 5.340249897472181628e-17
6.489348373346952940e+03 4.367836664611517610e-17
6.492146807827200973e+03 3.826030745112866012e-17
6.494945387293342719e+03 5.004945419087479938e-17
6.497744112103046973e+03 5.023761986240664149e-17
6.500542982615839719e+03 6.085748830608620141e-17
6.503341999193105039e+03 4.962413629548964607e-17
6.506141162198089660e+03 3.808002229046503719e-17
6.508940471995899316e+03 5.346288651725313414e-17
6.511739928953496928e+03 5.853439414292298555e-17
6.514539533439705338e+03 3.772937876270046304e-17
6.517339285825210027e+03 3.923914184090969454e-17
6.520139186482553669e+03 3.997448521072799356e-17
6.522939235786137942e+03 4.762437432284529230e-17
6.525739434112225354e+03 3.840800112605757100e-17
6.528539781838937415e+03 3.752455614609666808e-17
6.531340279346255556e+03 3.867554479469706508e-17
6.534140927016019305e+03 4.408168080583272906e-17
6.536941725231930832e+03 4.834767709791859333e-17
6.539742674379547680e+03 4.769812197796994883e-17
6.542543774846290034e+03 5.414625886792452204e-17
6.545345027021438000e+03 4.394047885945539863e-17
6.548146431296127957e+03 4.789923900180773593e-17
6.550947988063358935e+03 4.099489503073025674e-17
6.553749697717987146e+03 4.504943782524318759e-17
6.556551560656731453e+03 4.213580041138506757e-17
6.559353577278166995e+03 4.354130062187340627e-17
6.562155747982729736e+03 4.289028917631057380e-17
6.564958073172715558e+03 3.876362919639360191e-17
6.567760553252280260e+03 3.677418618324714692e-17
6.570563188627436830e+03 4.491955019947730259e-17
6.573365979706061808e+03 3.595296860811366480e-17
6.576168926897887104e+03 5.063890263781859981e-17
6.578972030614506366e+03 3.820477535628912660e-17
6.581775291269372246e+03 4.124744165099072781e-17
6.584578709277797316e+03 4.278122512074564802e-17
6.587382285056954061e+03 4.667062059125693207e-17
6.590186019025873065e+03 4.859621805920108121e-17
6.592989911605445741e+03 5.064471475279216543e-17
6.595793963218420686e+03 4.238575675859209478e-17
6.598598174289410963e+03 4.749254854282495435e-17
6.601402545244885005e+03 4.505601449312420623e-17
6.604207076513170250e+03 4.564512127549110021e-17
6.607011768524457693e+03 5.533119209412692131e-17
6.609816621710794607e+03 4.095708404124871473e-17
6.612621636506088180e+03 4.080596178996273950e-17
6.615426813346106428e+03 4.746897076855428033e-17
6.618232152668475464e+03 4.254091552549862453e-17
6.621037654912682228e+03 3.980369189035345364e-17
6.623843320520071757e+03 3.851256677035126162e-17
6.626649149933850822e+03 5.076472534612327097e-17
6.629455143599082476e+03 5.327195378818405442e-17
6.632261301962693324e+03 5.123073365509481897e-17
6.635067625473465341e+03 4.815302068949741743e-17
6.637874114582042239e+03 5.306395942783625959e-17
6.640680769740929463e+03 5.244368565547208548e-17
6.643487591404487830e+03 4.402746232366468765e-17
6.646294580028939890e+03 5.106205679365213083e-17
6.649101736072366293e+03 4.625422891676682490e-17
6.651909059994708514e+03 5.026555362114344834e-17
6.654716552257769763e+03 5.266260282557176568e-17
6.657524213325206802e+03 6.361597414957687911e-17
6.660332043662542674e+03 5.413844724396471529e-17
6.663140043737153974e+03 6.055174304620923792e-17
6.665948214018281760e+03 4.517612300099670173e-17
6.668756554977024280e+03 5.369274616857867873e-17
6.671565067086337876e+03 6.237129104434614865e-17
6.674373750821041540e+03 5.576815681547705856e-17
6.677182606657811448e+03 5.538478418894083332e-17
6.679991635075184604e+03 5.993549446887793980e-17
6.682800836553557929e+03 7.031176645381918044e-17
6.685610211575185531e+03 5.910077993139045865e-17
6.688419760624185074e+03 5.397674161324712519e-17
6.691229484186527770e+03 5.902319058338901758e-17
6.694039382750051118e+03 5.841128145138298810e-17
6.696849456804447982e+03 5.060697638132226662e-17
6.699659706841270236e+03 5.325694947608780654e-17
6.702470133353932397e+03 5.030905231319196520e-17
6.705280736837707082e+03 5.340362731135785778e-17
6.708091517789725913e+03 5.163323734339865784e-17
6.710902476708979520e+03 4.916753981829917654e-17
6.713713614096319361e+03 4.812113426968960716e-17
6.716524930454457717e+03 5.184513084336592675e-17
6.719336426287962240e+03 4.341834720178746073e-17
6.722148102103264137e+03 5.354503529075108898e-17
6.724959958408651801e+03 5.794649699994020882e-17
6.727771995714274453e+03 4.891851151480845098e-17
6.730584214532141232e+03 4.541840105373694569e-17
6.733396615376117552e+03 4.974819717491684172e-17
6.736209198761933294e+03 5.275403423439731014e-17
6.739021965207173707e+03 5.348368687533925715e-17
6.741834915231285777e+03 7.206100882703439710e-17
6.744648049355576404e+03 5.608052986897462310e-17
6.747461368103209679e+03 6.154326159118840800e-17
6.750274871999210518e+03 4.992899317171127795e-17
6.753088561570464663e+03 5.576461822599316518e-17
6.755902437345715953e+03 4.393310676919490736e-17
6.758716499855567235e+03 4.897887165825552616e-17
6.761530749632483094e+03 5.455706112231248862e-17
6.764345187210785298e+03 6.259784072663265150e-17
6.767159813126654626e+03 5.298722098090018763e-17
6.769974627918136321e+03 5.379418514973826089e-17
6.772789632125130083e+03 3.746949144507398748e-17
6.775604826289395533e+03 5.373141861428200660e-17
6.778420210954554932e+03 4.352696052110663102e-17
6.781235786666087733e+03 5.363051063612314463e-17
6.784051553971332396e+03 4.975198283599853470e-17
6.786867513419489114e+03 5.352182749703543856e-17
6.789683665561616181e+03 4.799075202011173220e-17
6.792500010950631804e+03 4.485601131390475322e-17
6.795316550141313201e+03 5.334579285800000538e-17
6.798133283690298413e+03 4.586445143394700569e-17
6.800950212156082671e+03 4.484148724742341720e-17
6.803767336099022941e+03 5.099537689887429304e-17
6.806584656081337016e+03 5.224210112105098767e-17
6.809402172667096238e+03 4.163271986379963469e-17
6.812219886422239142e+03 5.035038501999089956e-17
6.815037797914557814e+03 4.588909465000948533e-17
6.817855907713706983e+03 3.955040422085635519e-17
6.820674216391201298e+03 4.379846919554824740e-17
6.823492724520411684e+03 3.350915750635904353e-17
6.826311432676571712e+03 3.543177354924575088e-17
6.829130341436773961e+03 4.477768370514294844e-17
6.831949451379969105e+03 4.885569089910031540e-17
6.834768763086969557e+03 4.032369013038161395e-17
6.837588277140444916e+03 4.787711802858995211e-17
6.840407994124925608e+03 4.371677302304134899e-17
6.843227914626801066e+03 4.741930371189889125e-17
6.846048039234321550e+03 4.375409295006388062e-17
6.848868368537595416e+03 4.240395728526664299e-17
6.851688903128590937e+03 4.567801847327779072e-17
6.854509643601136304e+03 4.939120839797761061e-17
6.857330590550918714e+03 4.548190826196933651e-17
6.860151744575485282e+03 4.381337891184022484e-17
6.862973106274243037e+03 4.435224952989141276e-17
6.865794676248458018e+03 4.702947976257273518e-17
6.868616455101255269e+03 4.475784150627889962e-17
6.871438443437620663e+03 3.199806962579613669e-17
6.874260641864397257e+03 3.671424565103906219e-17
6.877083050990289848e+03 2.551775743134060042e-17
6.879905671425864057e+03 3.436777176813396098e-17
6.882728503783542692e+03 4.578361515400598416e-17
6.885551548677605751e+03 2.619946498743645953e-17
6.888374806724199516e+03 3.316844074278584661e-17
6.891198278541323816e+03 3.505397338965086240e-17
6.894021964748839309e+03 3.241973723687488687e-17
6.896845865968469298e+03 3.966829104511433271e-17
6.899669982823791543e+03 3.055806738016463335e-17
6.902494315940248271e+03 3.801568660469582429e-17
6.905318865945139805e+03 3.459153974119271299e-17
6.908143633467622749e+03 4.262629791082585097e-17
6.910968619138717258e+03 3.792262160042344448e-17
6.913793823591300679e+03 3.808524495589336251e-17
6.916619247460112092e+03 3.938147621156617669e-17
6.919444891381747766e+03 4.131526353110428256e-17
6.922270755994664796e+03 3.864982435815633831e-17
6.925096841939180194e+03 3.235682184688476564e-17
6.927923149857468161e+03 4.196299196984041326e-17
6.930749680393566450e+03 4.935808613451635508e-17
6.933576434193368186e+03 4.241178633741548929e-17
6.936403411904629138e+03 4.048378401006636008e-17
6.939230614176962263e+03 4.229005723012468887e-17
6.942058041661841344e+03 3.452726839569706107e-17
6.944885695012600991e+03 3.561340500743743397e-17
6.947713574884432091e+03 4.284836264026246548e-17
6.950541681934387270e+03 3.505959424481492779e-17
6.953370016821378158e+03 4.502109736044631701e-17
6.956198580206177212e+03 4.574457654787622018e-17
6.959027372751414987e+03 3.509604693424907726e-17
6.961856395121580135e+03 3.464243871515638266e-17
6.964685647983023955e+03 4.255068669289031570e-17
6.967515132003955841e+03 3.229754741471063928e-17
6.970344847854444197e+03 3.428263850702067731e-17
6.973174796206418250e+03 3.957249065750077009e-17
6.976004977733665328e+03 4.461166276173422020e-17
6.978835393111833582e+03 4.476438594546743183e-17
6.981666043018430173e+03 3.297430286808497416e-17
6.984496928132821267e+03 3.760549026339691012e-17
6.987328049136232949e+03 3.123209934900667776e-17
6.990159406711751217e+03 4.248946143107121825e-17
6.992991001544321989e+03 3.610112009468898274e-17
6.995822834320748370e+03 4.059799713472950076e-17
6.998654905729697930e+03 3.099862692864913501e-17
7.001487216461689968e+03 3.857382612344441806e-17
7.004319767209112797e+03 3.791367726875111999e-17
7.007152558666206460e+03 3.404179854952969055e-17
7.009985591529072735e+03 4.673024004858359209e-17
7.012818866495675138e+03 3.698749417476544485e-17
7.015652384265835281e+03 4.056263549808842726e-17
7.018486145541233782e+03 3.045032155445974286e-17
7.021320151025412997e+03 3.494968124644657150e-17
7.024154401423769741e+03 3.652801209146619288e-17
7.026988897443566202e+03 3.440262991104700567e-17
7.029823639793920847e+03 3.610143203353306051e-17
7.032658629185812970e+03 3.466481886907750010e-17
7.035493866332080870e+03 3.406585427255345575e-17
7.038329351947420946e+03 4.078763053991300747e-17
7.041165086748393151e+03 4.336783354671263221e-17
7.044001071453412806e+03 4.249694634025900123e-17
7.046837306782756059e+03 3.911681291368456493e-17
7.049673793458559885e+03 3.762223500713942525e-17
7.052510532204819356e+03 2.523988001671248490e-17
7.055347523747389459e+03 4.017415818981016017e-17
7.058184768813986011e+03 3.061633142773239566e-17
7.061022268134182013e+03 3.829046404997498275e-17
7.063860022439410386e+03 3.076789037050135205e-17
7.066698032462965784e+03 3.913763113651122941e-17
7.069536298940001871e+03 3.363794092723036596e-17
7.072374822607527676e+03 3.275136839467351412e-17
7.075213604204418516e+03 3.837945748308919470e-17
7.078052644471404165e+03 4.721891615426057811e-17
7.080891944151075222e+03 3.092162824240319329e-17
7.083731503987883116e+03 3.706808377644898143e-17
7.086571324728137370e+03 3.759248696079298695e-17
7.089411407120008334e+03 3.418469011947166046e-17
7.092251751913523549e+03 3.758231913702117557e-17
7.095092359860571378e+03 3.275513706998986993e-17
7.097933231714901922e+03 3.780107219809237151e-17
7.100774368232122470e+03 3.830666898082658876e-17
7.103615770169699317e+03 3.211412827220675312e-17
7.106457438286960496e+03 2.507237931771571887e-17
7.109299373345090316e+03 3.954131556555816708e-17
7.112141576107136643e+03 3.130314327727483067e-17
7.114984047338003620e+03 3.679251515180864460e-17
7.117826787804456217e+03 3.097088992356645422e-17
7.120669798275119319e+03 3.576402755581191193e-17
7.123513079520477731e+03 4.639957569552417316e-17
7.126356632312873444e+03 3.667534454641728585e-17
7.129200457426511093e+03 3.424737303360559565e-17
7.132044555637450685e+03 3.317757461010315841e-17
7.134888927723617599e+03 2.813362183553523198e-17
7.137733574464791673e+03 3.298602583957649095e-17
7.140578496642614482e+03 3.096875012855790473e-17
7.143423695040585699e+03 4.079558669826061188e-17
7.146269170444067640e+03 3.858208727356404354e-17
7.149114923640278903e+03 4.312297076591697212e-17
7.151960955418298909e+03 3.118865442499754507e-17
7.154807266569066996e+03 4.915318986356678993e-17
7.157653857885381512e+03 3.370314998999753727e-17
7.160500730161900719e+03 3.541336147693517639e-17
7.163347884195140068e+03 3.689132600792974992e-17
7.166195320783480383e+03 3.845738328135484755e-17
7.169043040727156040e+03 3.505972258778325569e-17
7.171891044828262238e+03 3.400552022183348829e-17
7.174739333890755006e+03 3.305090564322390030e-17
7.177587908720452106e+03 3.654641546364630589e-17
7.180436770125024850e+03 3.713657936664453081e-17
7.183285918914009926e+03 3.456464684943644721e-17
7.186135355898801208e+03 3.516824900514316949e-17
7.188985081892649760e+03 2.928078281663306940e-17
7.191835097710670198e+03 3.160850438421612190e-17
7.194685404169835238e+03 3.722019120973979978e-17
7.197536002088974783e+03 2.931261222696152808e-17
7.200386892288783201e+03 3.205543729457453653e-17
7.203238075591810230e+03 3.397153531435341757e-17
7.206089552822466430e+03 3.225532170989760978e-17
7.208941324807021374e+03 4.661519188471769067e-17
7.211793392373605457e+03 3.567203114258676390e-17
7.214645756352207172e+03 4.073429525718321352e-17
7.217498417574675841e+03 4.266629691848772596e-17
7.220351376874719790e+03 3.873172359950763126e-17
7.223204635087907263e+03 3.080010529773203286e-17
7.226058193051663693e+03 3.996838238850484708e-17
7.228912051605278975e+03 3.866355931643999779e-17
7.231766211589896557e+03 3.921792769638303618e-17
7.234620673848523438e+03 4.369140173118724392e-17
7.237475439226027447e+03 4.519544044483224379e-17
7.240330508569129961e+03 4.095371559382012619e-17
7.243185882726416821e+03 4.140455950763943351e-17
7.246041562548332877e+03 4.490035443906971505e-17
7.248897548887180164e+03 4.102665025451839409e-17
7.251753842597125185e+03 3.721079767663865519e-17
7.254610444534186172e+03 3.912191246833794809e-17
7.257467355556249458e+03 3.736020469884273984e-17
7.260324576523054930e+03 4.842532233113080448e-17
7.263182108296203296e+03 2.399974948518747248e-17
7.266039951739157914e+03 3.783329429902747000e-17
7.268898107717235689e+03 3.485550840479218361e-17
7.271756577097617992e+03 2.985210175198718563e-17
7.274615360749345200e+03 3.337756925179782350e-17
7.277474459543316698e+03 4.729613384600216494e-17
7.280333874352290877e+03 5.851128585487500795e-17
7.283193606050883318e+03 3.354487368634741391e-17
7.286053655515574064e+03 4.058130106752761458e-17
7.288914023624700349e+03 3.912328911854578251e-17
7.291774711258456591e+03 4.550371820362547890e-17
7.294635719298901677e+03 3.601252587065680176e-17
7.297497048629949859e+03 3.020141499729409671e-17
7.300358700137378037e+03 2.700615080957360709e-17
7.303220674708818478e+03 2.604039352467661203e-17
7.306082973233767916e+03 3.096000535762722020e-17
7.308945596603580270e+03 2.823847767498756712e-17
7.311808545711468469e+03 3.481627821233091686e-17
7.314671821452504446e+03 4.189296584147736424e-17
7.317535424723620963e+03 3.981383277989994736e-17
7.320399356423611607e+03 3.859561178153966336e-17
7.323263617453125335e+03 3.183987267091054993e-17
7.326128208714677385e+03 4.590589737075739474e-17
7.328993131112634728e+03 3.028528949330925918e-17
7.331858385553228800e+03 3.624173594484865224e-17
7.334723972944550042e+03 3.475433997924773714e-17
7.337589894196547903e+03 4.377553469680905417e-17
7.340456150221030839e+03 4.021858257366196354e-17
7.343322741931666314e+03 3.872219261730219616e-17
7.346189670243982619e+03 4.600587812696812515e-17
7.349056936075368867e+03 4.798778030126083697e-17
7.351924540345069545e+03 3.836635280651421462e-17
7.354792483974191782e+03 3.938812988552715063e-17
7.357660767885703535e+03 3.780425701266686221e-17
7.360529393004428130e+03 3.509205757666095409e-17
7.363398360257053355e+03 3.094015565776454261e-17
7.366267670572120551e+03 3.420299438495389310e-17
7.369137324880037340e+03 4.567716735241184257e-17
7.372007324113064897e+03 4.115503569257944571e-17
7.374877669205327038e+03 5.014994179737676808e-17
7.377748361092806590e+03 4.695274754717752645e-17
7.380619400713347204e+03 2.631876881628704968e-17
7.383490789006649720e+03 3.831851369911154032e-17
7.386362526914275804e+03 3.372347033309962347e-17
7.389234615379646129e+03 4.438737853570644277e-17
7.392107055348040376e+03 4.790708452243669146e-17
7.394979847766600869e+03 4.885023984802498634e-17
7.397852993584327123e+03 3.683046652694310047e-17
7.400726493752075839e+03 3.544080363796732961e-17
7.403600349222566365e+03 4.963787937861315299e-17
7.406474560950378873e+03 4.011106670978015127e-17
7.409349129891948905e+03 3.863797845435702506e-17
7.412224057005576469e+03 3.466326676332227676e-17
7.415099343251415121e+03 3.558654323125192421e-17
7.417974989591482881e+03 3.609983862976500889e-17
7.420850996989654959e+03 5.029173320496319581e-17
7.423727366411667390e+03 5.096402297553318367e-17
7.426604098825115216e+03 4.753492549670636735e-17
7.429481195199452486e+03 3.943180885675008900e-17
7.432358656505994077e+03 3.896472294266883106e-17
7.435236483717912051e+03 4.583691348743011031e-17
7.438114677810241119e+03 5.138300349212224917e-17
7.440993239759873177e+03 4.581367609283259441e-17
7.443872170545560948e+03 4.041888476004078573e-17
7.446751471147916163e+03 4.664004726363271546e-17
7.449631142549409560e+03 4.897798497834875920e-17
7.452511185734370883e+03 5.850217357047743691e-17
7.455391601688992523e+03 5.090106309491552440e-17
7.458272391401322238e+03 5.307127245738063484e-17
7.461153555861272253e+03 4.327233269903624777e-17
7.464035096060610158e+03 4.671108003159277759e-17
7.466917012992962555e+03 4.847746251927431413e-17
7.469799307653820506e+03 4.876253970517108337e-17
7.472681981040530445e+03 4.214479724223514919e-17
7.475565034152299631e+03 3.613885219626571501e-17
7.478448467990192512e+03 4.520201188318070453e-17
7.481332283557139817e+03 5.312533047354976511e-17
7.484216481857922190e+03 4.347400354234203105e-17
7.487101063899188375e+03 4.787571851015928007e-17
7.489986030689442487e+03 4.226665633660095180e-17
7.492871383239047645e+03 3.498936218428676645e-17
7.495757122560229618e+03 5.831511655822459150e-17
7.498643249667069540e+03 5.526249267327054128e-17
7.501529765575513011e+03 5.291985348041764531e-17
7.504416671303359180e+03 4.871898627447848670e-17
7.507303967870273482e+03 5.162086871546462361e-17
7.510191656297776717e+03 5.359550496524874834e-17
7.513079737609246877e+03 4.426101101717686197e-17
7.515968212829928234e+03 4.980707265345085580e-17
7.518857082986918613e+03 4.034605461195726250e-17
7.521746349109180301e+03 3.900156124329578066e-17
7.524636012227530955e+03 4.516824533549733309e-17
7.527526073374649059e+03 3.333883990828793312e-17
7.530416533585072102e+03 4.445120528264688276e-17
7.533307393895200221e+03 4.523074562656423593e-17
7.536198655343290739e+03 5.294400748563221422e-17
7.539090318969458167e+03 5.355388083775994630e-17
7.541982385815681482e+03 4.032957458932011881e-17
7.544874856925793210e+03 4.304806710454039921e-17
7.547767733345493980e+03 4.673239699914881233e-17
7.550661016122334331e+03 5.027464759421215694e-17
7.553554706305732907e+03 3.904830290591829346e-17
7.556448804946960081e+03 4.117633930881119665e-17
7.559343313099150691e+03 5.054409020936282840e-17
7.562238231817298583e+03 4.982533087678280902e-17
7.565133562158258428e+03 5.828559823211076729e-17
7.568029305180738447e+03 4.875784067928987886e-17
7.570925461945313145e+03 4.772561311313398705e-17
7.573822033514414215e+03 4.223107797937486661e-17
7.576719020952330538e+03 4.930395257131688829e-17
7.579616425325213640e+03 4.305115684435372703e-17
7.582514247701074055e+03 4.743008729582784400e-17
7.585412489149781322e+03 4.844921449633249253e-17
7.588311150743062171e+03 4.322152582285859701e-17
7.591210233554509614e+03 4.355209072219807864e-17
7.594109738659566574e+03 3.479313234986227660e-17
7.597009667135545897e+03 3.611713714050525059e-17
7.599910020061610339e+03 3.660637774679170507e-17
7.602810798518790762e+03 2.560765293554510240e-17
7.605712003589969754e+03 2.382818912721412088e-17
7.608613636359894372e+03 2.224643812169380210e-17
7.611515697915172495e+03 1.615515937273773464e-17
7.614418189344263737e+03 1.567834296608811133e-17
7.617321111737497631e+03 1.228329987599910526e-17
7.620224466187057260e+03 2.471304726950706013e-17
7.623128253786982896e+03 2.805155250237705240e-17
7.626032475633181093e+03 2.943491457560099358e-17
7.628937132823411957e+03 2.733989841310633225e-17
7.631842226457300058e+03 3.417981019940375935e-17
7.634747757636327151e+03 3.567510692262199912e-17
7.637653727463830364e+03 2.661130025815977823e-17
7.640560137045014926e+03 2.474451882432885883e-17
7.643466987486939615e+03 2.081609408625886270e-17
7.646374279898522218e+03 1.691803119837007930e-17
7.649282015390544984e+03 2.596000456982936555e-17
7.652190195075647352e+03 2.743181446785530068e-17
7.655098820068324130e+03 2.142526823179994509e-17
7.658007891484934589e+03 3.283172214634709854e-17
7.660917410443698827e+03 3.133200742891881101e-17
7.663827378064692311e+03 3.960976664369732044e-17
7.666737795469849516e+03 3.814751097333823997e-17
7.669648663782969379e+03 3.533993168719057013e-17
7.672559984129706208e+03 3.037889516741717843e-17
7.675471757637576957e+03 3.165947760881788409e-17
7.678383985435953946e+03 4.701348128626968025e-17
7.681296668656072143e+03 4.629147836314799981e-17
7.684209808431025522e+03 4.130217936658608000e-17
7.687123405895768883e+03 3.479591360991480353e-17
7.690037462187112396e+03 4.315812344456423743e-17
7.692951978443730695e+03 4.946208034698754600e-17
7.695866955806153783e+03 3.878098752657674805e-17
7.698782395416776126e+03 4.040490466335428556e-17
7.701698298419845742e+03 3.633936980308770108e-17
7.704614665961475112e+03 4.166455752986719303e-17
7.707531499189632086e+03 2.907681509933458815e-17
7.710448799254150799e+03 3.614960569275768171e-17
7.713366567306715297e+03 4.208340139350029633e-17
7.716284804500875907e+03 3.933522039995334130e-17
7.719203511992043786e+03 3.443350257914551839e-17
7.722122690937483640e+03 4.467268593884556616e-17
7.725042342496322817e+03 5.087709911662185354e-17
7.727962467829549496e+03 4.926865739280055023e-17
7.730883068100009041e+03 4.038971179177493827e-17
7.733804144472409462e+03 4.610445731904224618e-17
7.736725698113312319e+03 4.732384357248198558e-17
7.739647730191147275e+03 4.723319912276823602e-17
7.742570241876195723e+03 4.513378838060860406e-17
7.745493234340601703e+03 5.051627312742098180e-17
7.748416708758370078e+03 5.104714570451003133e-17
7.751340666305364721e+03 3.272921642061024216e-17
7.754265108159308511e+03 4.426424427573370367e-17
7.757190035499779697e+03 4.366639888612902792e-17
7.760115449508224629e+03 3.354122025053541434e-17
7.763041351367943207e+03 3.318231852619553196e-17
7.765967742264094340e+03 2.266013741009362536e-17
7.768894623383701401e+03 2.900958919506052753e-17
7.771821995915643129e+03 2.939623960590180549e-17
7.774749861050659092e+03 3.747056228528219255e-17
7.777678219981346047e+03 3.983049972921496552e-17
7.780607073902167031e+03 2.999655334656564787e-17
7.783536424009436814e+03 3.599277517698701452e-17
7.786466271501334631e+03 3.273718194539324982e-17
7.789396617577895086e+03 2.848665966293650373e-17
7.792327463441017244e+03 2.138517382052942594e-17
7.795258810294457362e+03 1.646206488208401602e-17
7.798190659343830703e+03 2.680028356051962002e-17
7.801123011796611536e+03 2.249818193232226606e-17
7.804055868862138595e+03 3.770818556130424016e-17
7.806989231751600528e+03 3.547557960479797973e-17
7.809923101678054081e+03 3.008623174509514996e-17
7.812857479856413192e+03 2.361391332834889209e-17
7.815792367503450805e+03 2.372398924262165811e-17
7.818727765837798870e+03 1.830751706559044241e-17
7.821663676079950164e+03 2.941015085906111086e-17
7.824600099452254653e+03 2.964400358322426562e-17
7.827537037178924948e+03 2.547478105182286850e-17
7.830474490486030845e+03 2.572555507497508772e-17
7.833412460601502971e+03 1.842669975587023339e-17
7.836350948755132777e+03 2.053150883155243159e-17
7.839289956178567081e+03 3.805731993773822048e-17
7.842229484105315350e+03 3.051940317142331541e-17
7.845169533770747876e+03 3.273236701618605062e-17
7.848110106412088498e+03 2.657757731937785314e-17
7.851051203268427344e+03 2.781028934147463741e-17
7.853992825580713543e+03 2.671363198067881110e-17
7.856934974591747959e+03 1.865667844368701558e-17
7.859877651546201378e+03 3.371825767645526869e-17
7.862820857690598132e+03 2.615455937249590190e-17
7.865764594273323382e+03 3.667887134027052931e-17
7.868708862544621297e+03 3.249161361314869169e-17
7.871653663756596870e+03 3.059111063682968892e-17
7.874598999163212284e+03 2.825126186717205078e-17
7.877544870020292365e+03 3.201748811623951158e-17
7.880491277585519128e+03 3.779846174579166374e-17
7.883438223118435417e+03 2.889967201476623603e-17
7.886385707880443078e+03 3.179794496029926887e-17
7.889333733134802969e+03 3.489686126040527447e-17
7.892282300146636771e+03 2.959977449887715160e-17
7.895231410182925174e+03 3.637890985319033966e-17
7.898181064512507874e+03 4.138084660926318322e-17
7.901131264406083574e+03 3.446326102612465380e-17
7.904082011136211804e+03 3.912718485054021472e-17
7.907033305977312921e+03 3.710572302816248611e-17
7.909985150205662649e+03 5.800556455713210947e-17
7.912937545099401177e+03 4.576441798357442468e-17
7.915890491938524065e+03 4.256455913022656259e-17
7.918843992004887696e+03 5.166426880266543836e-17
7.921798046582209281e+03 4.727893281930680560e-17
7.924752656956066858e+03 3.850274693457936244e-17
7.927707824413890194e+03 5.412087758902880883e-17
7.930663550244980797e+03 4.218684813012372723e-17
7.933619835740488270e+03 6.655870733878094233e-17
7.936576682193428496e+03 4.921374951278325833e-17
7.939534090898676368e+03 5.240299028628841024e-17
7.942492063152962146e+03 6.654890532838514812e-17
7.945450600254880555e+03 5.273747294552060421e-17
7.948409703504883510e+03 6.255431395714084740e-17
7.951369374205281929e+03 5.115844573351873669e-17
7.954329613660247560e+03 4.882494141822745535e-17
7.957290423175812975e+03 5.498383673203799339e-17
7.960251804059864298e+03 6.309910733011368166e-17
7.963213757622155754e+03 6.053955761858820206e-17
7.966176285174293298e+03 5.733235565005482053e-17
7.969139388029747352e+03 6.314388794381377802e-17
7.972103067503847342e+03 nan
