3.096246706728975823e+03 nan
3.101626478919620695e+03 7.743709111920934920e-14
3.107006251110265566e+03 7.021952140190045479e-14
3.112386023300910438e+03 5.811299562808051508e-14
3.117765795491555309e+03 3.018349553475986433e-14
3.123145567682200181e+03 1.810307358010148723e-14
3.128525339872845052e+03 1.283086684127733063e-14
3.133905112063489923e+03 1.353228503503615167e-14
3.139284884254134795e+03 1.502246618390673545e-14
3.144664656444779666e+03 9.668837333664318103e-15
3.150044428635424538e+03 8.444347019569851293e-15
3.155424200826069409e+03 7.524328571318132136e-15
3.160803973016714281e+03 7.445729593772105335e-15
3.166183745207359152e+03 6.896038686678856317e-15
3.171563517398004024e+03 6.729429649649984230e-15
3.176943289588648895e+03 4.726677351629887807e-15
3.182323061779293766e+03 6.250953677295932794e-15
3.187702833969938638e+03 3.725342872606553593e-15
3.193082606160583509e+03 4.019611946973161509e-15
3.198462378351228381e+03 3.446022885293325905e-15
3.203842150541873252e+03 3.944733617580908972e-15
3.209221922732518124e+03 2.430460576569559023e-15
3.214601694923162995e+03 2.333262463741623997e-15
3.219981467113807867e+03 2.821715702746420042e-15
3.225361239304452738e+03 2.548253280060755842e-15
3.230741011495097609e+03 2.030069146769939235e-15
3.236120783685742481e+03 1.241934977338914740e-15
3.241500555876387352e+03 1.208841945361470445e-15
3.246880328067032224e+03 9.707793401873474538e-16
3.252260100257677095e+03 1.080790192185137925e-15
3.257639872448321967e+03 1.000396887732647913e-15
3.263019644638966838e+03 9.445782759431131618e-16
3.268399416829611710e+03 7.916184252017329543e-16
3.273779189020256581e+03 5.538348865756717350e-16
3.279158961210901452e+03 7.261440839469648185e-16
3.284538733401546324e+03 7.668293254220547855e-16
3.289918505592191195e+03 7.446838965226688766e-16
3.295298277782836067e+03 5.829374591948232088e-16
3.300678049973480938e+03 4.397924551102568158e-16
3.306057822164125810e+03 4.141225351540593079e-16
3.311437594354770681e+03 4.350148425738773743e-16
3.316817366545415553e+03 4.888712432616658792e-16
3.322197138736060424e+03 5.352460080813642568e-16
3.327576910926705295e+03 3.876054577278746808e-16
3.332956683117350167e+03 2.439780466421994842e-16
3.338336455307995038e+03 3.726012778526585881e-16
3.343716227498639910e+03 2.955131143513649138e-16
3.349095999689284781e+03 2.813049968889230431e-16
3.354475771879929653e+03 2.333946970467029957e-16
3.359855544070574524e+03 3.006831209897670807e-16
3.365235316261219396e+03 2.831409133882458276e-16
3.370615088451864267e+03 2.653798818530358017e-16
3.375994860642509138e+03 3.025909098261865160e-16
3.381374632833154010e+03 3.242887283722557522e-16
3.386754405023798881e+03 2.847347871429636447e-16
3.392134177214443753e+03 3.267130826218652294e-16
3.397513949405088624e+03 2.746552169783274502e-16
3.402893721595733496e+03 2.305090212094271592e-16
3.408273493786378367e+03 1.915053353551090217e-16
3.413653265977023239e+03 2.196599358838429783e-16
3.419033038167668110e+03 1.549769675730940613e-16
3.424412810358312981e+03 1.785310691708864500e-16
3.429792582548957853e+03 1.534381498640018564e-16
3.435172354739602724e+03 1.279543821514804763e-16
3.440552126930247596e+03 1.157329971246261459e-16
3.445931899120892467e+03 1.098493654553198438e-16
3.451311671311537339e+03 1.331849676366180324e-16
3.456691443502182210e+03 1.507568690343459783e-16
3.462071215692827082e+03 1.255593479165404560e-16
3.467450987883471953e+03 9.173874064691353803e-17
3.472830760074116824e+03 9.620829548934575371e-17
3.478210532264761696e+03 1.138521483032764498e-16
3.483590304455406567e+03 9.236854584772861569e-17
3.488970076646051439e+03 1.342172441617017417e-16
3.494349848836696310e+03 1.365868352097588244e-16
3.499729621027341182e+03 1.171204802618527439e-16
3.505109393217986053e+03 1.101327714980621516e-16
3.510489165408630925e+03 1.154821036248886778e-16
3.515868937599275796e+03 1.074034183276181649e-16
3.521248709789920667e+03 9.978950838720575900e-17
3.526628481980565539e+03 9.657595985464669216e-17
3.532008254171210410e+03 7.298590914954472491e-17
3.537388026361855282e+03 7.843104957000546207e-17
3.542767798552500153e+03 8.510319768833947718e-17
3.548147570743145025e+03 8.471106209291555871e-17
3.553527342933789896e+03 7.477103284754887214e-17
3.558907115124434767e+03 7.792151468365022613e-17
3.564286887315079639e+03 7.158994470423623218e-17
3.569666659505724510e+03 5.858561089493029997e-17
3.575046431696369382e+03 7.471444048239850099e-17
3.580426203887014253e+03 7.775305041008391752e-17
3.585805976077659125e+03 8.815053349372147844e-17
3.591185748268303996e+03 6.746379480954566689e-17
3.596565520458948868e+03 6.827560922009964127e-17
3.601945292649593739e+03 5.896672804895098328e-17
3.607325064840238610e+03 5.377102458298218866e-17
3.612704837030883482e+03 5.085525943741047677e-17
3.618084609221528353e+03 9.133454696171711699e-17
3.623464381412173225e+03 7.805982054211742978e-17
3.628844153602818096e+03 7.989987829226815474e-17
3.634223925793462968e+03 5.474091777419265360e-17
3.639603697984107839e+03 4.981684379898046876e-17
3.644983470174752711e+03 4.879722185449092933e-17
3.650363242365397582e+03 6.046904630496308102e-17
3.655743014556042453e+03 6.514461653303162414e-17
3.661122786746687325e+03 5.606211661259643316e-17
3.666502558937332196e+03 5.069887609270024374e-17
3.671882331127977068e+03 4.252208637831260097e-17
3.677262103318621939e+03 7.039004434419586946e-17
3.682641875509266811e+03 6.164878617148171344e-17
3.688021647699911682e+03 5.544865245688991858e-17
3.693401419890556554e+03 5.559926495231516075e-17
3.698781192081201425e+03 5.328879378116067200e-17
3.704160964271846296e+03 6.210677844314847897e-17
3.709540736462491168e+03 4.478528888039589784e-17
3.714920508653136039e+03 3.693835968809314498e-17
3.720300280843780911e+03 2.702199059402309175e-17
3.725680053034425782e+03 3.412452836724755297e-17
3.731059825225070654e+03 3.306973712694674572e-17
3.736439597415715525e+03 3.223365765747250296e-17
3.741819369606360397e+03 3.224258485126140814e-17
3.747199141797005268e+03 3.717909541006898889e-17
3.752578913987650139e+03 4.694621176663298955e-17
3.757958686178295011e+03 3.051614710713316642e-17
3.763338458368939882e+03 2.887360108796188718e-17
3.768718230559584754e+03 2.435217969512847246e-17
3.774098002750229625e+03 3.632645010479304819e-17
3.779477774940874497e+03 3.512576106698027867e-17
3.784857547131519368e+03 3.465169235753391155e-17
3.790237319322164240e+03 4.353576622352116783e-17
3.795617091512809111e+03 3.376312824546908412e-17
3.800996863703453982e+03 3.064938044625824754e-17
3.806376635894098854e+03 3.565280253284958388e-17
3.811756408084743725e+03 4.266052908911594792e-17
3.817136180275388597e+03 3.036551240825829474e-17
3.822515952466033468e+03 3.634237032474876117e-17
3.827895724656678340e+03 3.602095754697382379e-17
3.833275496847323211e+03 3.758710234038264443e-17
3.838655269037968083e+03 2.473011971249117835e-17
3.844035041228612954e+03 1.881646110754832283e-17
3.849414813419257825e+03 2.356933381716956775e-17
3.854794585609902697e+03 2.277322490570263965e-17
3.860174357800547568e+03 1.961890574395577657e-17
3.865554129991192440e+03 2.698861859158981952e-17
3.870933902181837311e+03 2.541252348937121120e-17
3.876313674372482183e+03 2.850119466260857415e-17
3.881693446563127054e+03 2.259439681039417572e-17
3.887073218753771926e+03 2.735204372835629332e-17
3.892452990944416797e+03 2.893909281615063728e-17
3.897832763135061668e+03 2.295505416379695500e-17
3.903212535325706540e+03 2.361780594296195552e-17
3.908592307516351411e+03 2.876910895207866208e-17
3.913972079706996283e+03 2.550215484044204296e-17
3.919351851897641154e+03 2.191458126596376753e-17
3.924731624088286026e+03 2.748037870760707847e-17
3.930111396278930897e+03 2.066837753416489205e-17
3.935491168469575769e+03 1.954514806429817014e-17
3.940870940660220640e+03 2.307454568233776272e-17
3.946250712850865511e+03 1.771237154526018172e-17
3.951630485041510383e+03 2.664236814785753327e-17
3.957010257232155254e+03 2.504216933022835960e-17
3.962390029422800126e+03 2.162586384018594850e-17
3.967769801613444997e+03 1.715139936544996321e-17
3.973149573804089869e+03 1.634838702055393747e-17
3.978529345994734740e+03 2.110428809903522116e-17
3.983909118185379612e+03 2.241445832677036672e-17
3.989288890376024483e+03 2.049750977556301606e-17
3.994668662566669354e+03 2.760359331841694550e-17
4.000048434757314226e+03 2.647304686046110100e-17
4.005428206947959097e+03 2.517188313428024370e-17
4.010807979138603969e+03 2.555631999571804721e-17
4.016187751329248840e+03 1.956728333885852646e-17
4.021567523519893712e+03 2.310276777198769661e-17
4.026947295710538583e+03 2.284880909472075212e-17
4.032327067901183455e+03 3.133225037497745450e-17
4.037706840091828326e+03 2.831492688885756054e-17
4.043086612282473197e+03 3.036353064107973484e-17
4.048466384473118069e+03 2.849717389430724187e-17
4.053846156663762940e+03 2.417410362481248361e-17
4.059225928854407812e+03 3.015424070931801545e-17
4.064605701045052683e+03 2.575552234879115131e-17
4.069985473235697555e+03 2.461605163605452381e-17
4.075365245426342426e+03 2.123218687262612284e-17
4.080745017616987298e+03 2.375451482223188195e-17
4.086124789807632169e+03 1.572314337237170281e-17
4.091504561998277040e+03 2.220601264533707193e-17
4.096884334188922367e+03 2.681193295391997433e-17
4.102264106379567238e+03 2.431444770795710648e-17
4.107643878570212109e+03 2.217877799572829909e-17
4.113023650760856981e+03 1.991681287294686690e-17
4.118403422951501852e+03 2.829967889227673543e-17
4.123783195142146724e+03 3.602884787010221763e-17
4.129162967332791595e+03 2.663221207443694838e-17
4.134542739523436467e+03 2.444987637070477425e-17
4.139922511714081338e+03 2.635501494696298850e-17
4.145302283904726210e+03 2.925897562326721718e-17
4.150682056095371081e+03 2.490900847588311871e-17
4.156061828286015952e+03 2.254750147867567807e-17
4.161441600476660824e+03 2.678427310238525171e-17
4.166821372667305695e+03 2.800135259006286481e-17
4.172201144857950567e+03 2.271594572168585447e-17
4.177580917048595438e+03 1.754761804979645735e-17
4.182960689239240310e+03 1.582983956182681966e-17
4.188340461429885181e+03 1.915591026421394374e-17
4.193720233620530053e+03 2.183426249935068893e-17
4.199100005811174924e+03 2.656428950944805553e-17
4.204479778001819795e+03 2.843601534804107022e-17
4.209859550192464667e+03 2.420516024710937118e-17
4.215239322383109538e+03 2.233089997389267178e-17
4.220619094573754410e+03 1.813514356249260665e-17
4.225998866764399281e+03 1.909753884691958739e-17
4.231378638955044153e+03 1.797768759349918894e-17
4.236758411145689024e+03 1.634718590795484932e-17
4.242138183336333896e+03 2.161715231133546673e-17
4.247517955526978767e+03 1.908337698529067629e-17
4.252897727717623638e+03 1.886746663665265295e-17
4.258277499908268510e+03 2.014361900252848063e-17
4.263657272098913381e+03 2.465969351057170749e-17
4.269037044289558253e+03 2.078794396496080179e-17
4.274416816480203124e+03 2.111354533975462245e-17
4.279796588670847996e+03 2.071990806304707563e-17
4.285176360861492867e+03 2.023662286890856944e-17
4.290556133052137739e+03 2.423965564407886989e-17
4.295935905242782610e+03 1.442212402680471117e-17
4.301315677433427481e+03 1.766541280709116828e-17
4.306695449624072353e+03 1.879348611164038580e-17
4.312075221814717224e+03 1.957363684945189669e-17
4.317454994005362096e+03 1.683704550405842972e-17
4.322834766196006967e+03 1.753244982179232893e-17
4.328214538386651839e+03 1.466846249572107285e-17
4.333594310577296710e+03 1.568103301582438881e-17
4.338974082767941582e+03 1.828762412450891986e-17
4.344353854958586453e+03 1.707129656017473702e-17
4.349733627149231324e+03 1.733571063359244299e-17
4.355113399339876196e+03 1.690192902450434381e-17
4.360493171530521067e+03 2.109965459585111760e-17
4.365872943721165939e+03 2.070751376551729383e-17
4.371252715911810810e+03 1.617605050645989110e-17
4.376632488102455682e+03 2.325763397303698439e-17
4.382012260293100553e+03 1.862978799214099377e-17
4.387392032483745425e+03 1.987982550825570075e-17
4.392771804674390296e+03 2.064737357941931104e-17
4.398151576865035167e+03 1.910068382017846071e-17
4.403531349055680039e+03 2.108361789285659265e-17
4.408911121246324910e+03 1.975112688217375719e-17
4.414290893436969782e+03 1.680516908784055722e-17
4.419670665627614653e+03 1.412227361384919527e-17
4.425050437818259525e+03 1.813258584818440520e-17
4.430430210008904396e+03 2.068640332613538484e-17
4.435809982199549268e+03 1.720176435724502814e-17
4.441189754390194139e+03 1.838776310110297247e-17
4.446569526580839010e+03 1.928787387001326344e-17
4.451949298771483882e+03 1.911802521287080692e-17
4.457329070962128753e+03 2.346753282472810168e-17
4.462708843152773625e+03 2.176095190105935998e-17
4.468088615343418496e+03 2.043685859488093764e-17
4.473468387534063368e+03 1.872375243119035778e-17
4.478848159724708239e+03 1.681427983764510611e-17
4.484227931915353111e+03 2.144834582746006470e-17
4.489607704105997982e+03 2.594555740123770540e-17
4.494987476296642853e+03 2.291177246188047884e-17
4.500367248487287725e+03 1.983344038928402582e-17
4.505747020677932596e+03 1.533186663857490525e-17
4.511126792868577468e+03 1.853178341452822731e-17
4.516506565059222339e+03 2.181137577873697791e-17
4.521886337249867211e+03 2.184966232723009939e-17
4.527266109440512082e+03 2.076866446521385862e-17
4.532645881631156954e+03 1.828288264695260558e-17
4.538025653821801825e+03 1.397253382945060859e-17
4.543405426012446696e+03 1.208036888569843881e-17
4.548785198203091568e+03 1.565084122548843252e-17
4.554164970393736439e+03 1.559002821153998784e-17
4.559544742584381311e+03 1.454327405184489920e-17
4.564924514775026182e+03 1.844397590389779754e-17
4.570304286965671054e+03 1.665639087930927657e-17
4.575684059156315925e+03 1.764588182396325978e-17
4.581063831346960797e+03 1.812849297339549554e-17
4.586443603537605668e+03 2.021863741488257760e-17
4.591823375728250539e+03 2.316104759031645025e-17
4.597203147918895411e+03 1.953129535044555721e-17
4.602582920109540282e+03 1.796644593016249772e-17
4.607962692300185154e+03 1.869978361253734755e-17
4.613342464490830025e+03 2.045310889623060305e-17
4.618722236681474897e+03 2.426231048762433105e-17
4.624102008872119768e+03 2.225197128087085174e-17
4.629481781062764640e+03 2.473106093651270686e-17
4.634861553253409511e+03 2.499819096717838794e-17
4.640241325444054382e+03 2.429597642873128356e-17
4.645621097634699254e+03 2.443831697769149718e-17
4.651000869825344125e+03 3.004471771859547536e-17
4.656380642015988997e+03 3.117772177327418536e-17
4.661760414206633868e+03 3.184179947785649776e-17
4.667140186397278740e+03 3.250015147593050448e-17
4.672519958587923611e+03 3.425459806589780745e-17
4.677899730778568482e+03 3.126040854024583157e-17
4.683279502969213354e+03 3.014304883182381570e-17
4.688659275159858225e+03 3.503533152566351219e-17
4.694039047350503097e+03 3.318814882105008586e-17
4.699418819541147968e+03 3.767964471613640180e-17
4.704798591731792840e+03 3.662896742638805884e-17
4.710178363922437711e+03 3.022693050391346065e-17
4.715558136113082583e+03 3.216871252701947647e-17
4.720937908303727454e+03 3.596242889956125760e-17
4.726317680494372325e+03 3.603873933302007181e-17
4.731697452685017197e+03 3.483611697190319201e-17
4.737077224875662068e+03 3.481094821133373325e-17
4.742456997066306940e+03 3.494549745314100577e-17
4.747836769256951811e+03 3.874113973385881014e-17
4.753216541447596683e+03 3.858263233903557951e-17
4.758596313638241554e+03 3.519839520460209823e-17
4.763976085828886426e+03 3.943801175787573232e-17
4.769355858019531297e+03 3.664226880955239834e-17
4.774735630210176168e+03 3.337059141410508115e-17
4.780115402400821040e+03 3.576609826551568221e-17
4.785495174591465911e+03 3.142357160488073729e-17
4.790874946782110783e+03 3.417049598482531190e-17
4.796254718972755654e+03 3.402023020599585005e-17
4.801634491163400526e+03 3.172744830099327500e-17
4.807014263354045397e+03 3.150075316419936768e-17
4.812394035544690269e+03 2.927950041191264150e-17
4.817773807735335140e+03 3.425463848995743705e-17
4.823153579925980011e+03 3.523272947266556824e-17
4.828533352116624883e+03 2.612354395562746904e-17
4.833913124307269754e+03 2.766433513709681297e-17
4.839292896497914626e+03 3.087858761870456333e-17
4.844672668688559497e+03 2.418636311961089663e-17
4.850052440879204369e+03 2.270288782487675175e-17
4.855432213069849240e+03 2.359854782499572651e-17
4.860811985260494112e+03 2.409108207741380716e-17
4.866191757451138983e+03 2.694982138730163239e-17
4.871571529641783854e+03 2.703256232865314628e-17
4.876951301832428726e+03 2.603989674989526721e-17
4.882331074023073597e+03 2.788878839347614848e-17
4.887710846213718469e+03 2.185830722253000839e-17
4.893090618404363340e+03 2.457538584989852687e-17
4.898470390595008212e+03 2.470516731872710695e-17
4.903850162785653083e+03 2.754810417732006816e-17
4.909229934976297955e+03 2.293260956270400956e-17
4.914609707166942826e+03 2.571696212766378816e-17
4.919989479357587697e+03 3.133060475208817557e-17
4.925369251548232569e+03 2.607034217241157838e-17
4.930749023738877440e+03 2.305731911221998715e-17
4.936128795929522312e+03 1.720765144791047550e-17
4.941508568120167183e+03 1.503691058378645668e-17
4.946888340310812055e+03 3.233897334437478412e-17
4.952268112501456926e+03 4.333025607201148627e-17
4.957647884692101798e+03 4.029855839336271200e-17
4.963027656882746669e+03 4.917124856503339504e-17
4.968407429073391540e+03 4.454693021907545159e-17
4.973787201264036412e+03 4.058707981657422183e-17
4.979166973454681283e+03 3.921599310545985339e-17
4.984546745645326155e+03 4.132896721865782938e-17
4.989926517835971026e+03 3.977261919512963725e-17
4.995306290026615898e+03 3.666748921811184427e-17
5.000686062217260769e+03 3.524447928481396522e-17
5.006065834407905641e+03 2.906163056186389970e-17
5.011445606598550512e+03 2.881687374782036003e-17
5.016825378789195383e+03 3.208668712761373499e-17
5.022205150979840255e+03 2.986497660723920831e-17
5.027584923170485126e+03 2.783237986391664093e-17
5.032964695361129998e+03 2.873425748071278655e-17
5.038344467551774869e+03 3.397247283512978042e-17
5.043724239742419741e+03 3.815653921044594570e-17
5.049104011933064612e+03 3.370827965809552269e-17
5.054483784123709484e+03 2.840129668230209688e-17
5.059863556314354355e+03 2.773576401893437409e-17
5.065243328504999226e+03 3.476495294178549424e-17
5.070623100695644098e+03 3.377658406155559406e-17
5.076002872886288969e+03 3.122871971989282318e-17
5.081382645076933841e+03 3.175998037796064645e-17
5.086762417267578712e+03 3.534692649508724663e-17
5.092142189458223584e+03 3.555849747183263479e-17
5.097521961648868455e+03 3.333005137986101943e-17
5.102901733839513327e+03 3.626263066095590162e-17
5.108281506030158198e+03 3.326282777813437120e-17
5.113661278220803069e+03 3.472475992932104557e-17
5.119041050411447941e+03 2.916854668614410246e-17
5.124420822602092812e+03 3.051754275045104807e-17
5.129800594792737684e+03 3.044275329335802134e-17
5.135180366983382555e+03 2.422891792712779930e-17
5.140560139174027427e+03 2.466355794958787847e-17
5.145939911364672298e+03 2.590770839299360294e-17
5.151319683555317170e+03 2.609163139169888554e-17
5.156699455745962041e+03 2.044728500805861186e-17
5.162079227936606912e+03 2.377061996557242600e-17
5.167459000127251784e+03 2.530237511392421984e-17
5.172838772317896655e+03 2.380324737161824072e-17
5.178218544508541527e+03 2.264259492418695808e-17
5.183598316699186398e+03 1.946014853259457279e-17
5.188978088889831270e+03 2.277357571561847832e-17
5.194357861080476141e+03 2.092556997656573877e-17
5.199737633271121013e+03 2.373664966986033447e-17
5.205117405461765884e+03 2.334235562032348330e-17
5.210497177652410755e+03 2.124812440068803401e-17
5.215876949843055627e+03 2.372224776292731422e-17
5.221256722033700498e+03 2.345280722212500407e-17
5.226636494224345370e+03 2.278367875210108858e-17
5.232016266414990241e+03 2.642301778217413009e-17
5.237396038605635113e+03 2.809317507627619272e-17
5.242775810796279984e+03 2.449575306145473443e-17
5.248155582986924856e+03 2.224852020369085236e-17
5.253535355177569727e+03 2.396191082095979114e-17
5.258915127368214598e+03 2.703832797945991769e-17
5.264294899558859470e+03 2.931014720281879143e-17
5.269674671749504341e+03 2.597153184606800061e-17
5.275054443940149213e+03 2.711645247894838220e-17
5.280434216130794084e+03 2.389946693237902862e-17
5.285813988321438956e+03 2.808809706690124489e-17
5.291193760512083827e+03 2.806067927641045162e-17
5.296573532702728698e+03 2.560455946475200979e-17
5.301953304893373570e+03 2.610950622118782614e-17
5.307333077084018441e+03 2.626803709967357803e-17
5.312712849274663313e+03 2.801923975334215693e-17
5.318092621465308184e+03 2.667426859789277329e-17
5.323472393655953056e+03 2.694627807019842508e-17
5.328852165846597927e+03 2.669554584364084457e-17
5.334231938037242799e+03 2.702762581224785260e-17
5.339611710227887670e+03 2.737051216464865189e-17
5.344991482418532541e+03 2.635054221155743210e-17
5.350371254609177413e+03 2.843918421329588212e-17
5.355751026799822284e+03 2.748146803246527774e-17
5.361130798990467156e+03 2.556033060555089491e-17
5.366510571181112027e+03 2.851240477023311100e-17
5.371890343371756899e+03 2.791966307245706112e-17
5.377270115562401770e+03 3.201758649329592359e-17
5.382649887753046642e+03 3.656577016139191167e-17
5.388029659943691513e+03 3.363028502978195366e-17
5.393409432134336384e+03 3.053651063576481328e-17
5.398789204324981256e+03 3.364881256460513826e-17
5.404168976515626127e+03 3.549003498034051826e-17
5.409548748706270999e+03 3.444811150899527983e-17
5.414928520896915870e+03 3.348787811541711153e-17
5.420308293087560742e+03 3.377036156226394050e-17
5.425688065278205613e+03 3.455686830412700107e-17
5.431067837468850485e+03 3.424261358338992724e-17
5.436447609659495356e+03 3.411704731041845306e-17
5.441827381850140227e+03 3.544681662761136049e-17
5.447207154040785099e+03 3.454244661038055948e-17
5.452586926231429970e+03 3.119244709237226619e-17
5.457966698422074842e+03 3.731311334657352830e-17
5.463346470612719713e+03 3.678136183693013175e-17
5.468726242803364585e+03 3.459087030461426496e-17
5.474106014994009456e+03 3.605156695068946883e-17
5.479485787184654328e+03 3.420805292927013538e-17
5.484865559375299199e+03 3.377340376702930234e-17
5.490245331565944070e+03 3.357574441399940701e-17
5.495625103756588942e+03 3.076215645498204233e-17
5.501004875947233813e+03 3.561431640007424853e-17
5.506384648137878685e+03 3.276366600764284387e-17
5.511764420328523556e+03 3.751203413496457982e-17
5.517144192519168428e+03 3.605734300802261271e-17
5.522523964709813299e+03 3.401883955464301242e-17
5.527903736900458171e+03 3.871810784801354942e-17
5.533283509091103042e+03 3.536597158559379836e-17
5.538663281281747913e+03 3.445623140742032193e-17
5.544043053472392785e+03 3.512779712296550121e-17
5.549422825663037656e+03 3.293629433912830101e-17
5.554802597853682528e+03 3.222928419729561625e-17
5.560182370044327399e+03 2.903033252999055242e-17
5.565562142234972271e+03 2.751398799099485060e-17
5.570941914425617142e+03 2.973953480895496733e-17
5.576321686616262014e+03 3.646677015385145604e-17
5.581701458806906885e+03 2.805887467907900781e-17
5.587081230997551756e+03 2.670369960848015822e-17
5.592461003188196628e+03 2.769134950433854050e-17
5.597840775378841499e+03 2.793301500709484662e-17
5.603220547569486371e+03 2.979022335427163311e-17
5.608600319760131242e+03 3.143343103445777688e-17
5.613980091950776114e+03 3.175283279985145328e-17
5.619359864141420985e+03 3.137256102583181841e-17
5.624739636332065857e+03 2.848570905173101098e-17
5.630119408522710728e+03 3.278070286615991139e-17
5.635499180713355599e+03 3.273571461939292751e-17
5.640878952904000471e+03 3.414449613566800038e-17
5.646258725094645342e+03 3.094998927997203865e-17
5.651638497285290214e+03 3.246843928689791673e-17
5.657018269475935085e+03 3.538106691406979718e-17
5.662398041666579957e+03 3.050153477354477264e-17
5.667777813857224828e+03 3.083507829935301211e-17
5.673157586047869700e+03 3.420586411793839982e-17
5.678537358238514571e+03 3.425910666239119628e-17
5.683917130429159442e+03 3.461454897195991078e-17
5.689296902619804314e+03 2.825682747249829990e-17
5.694676674810449185e+03 2.983448475503639343e-17
5.700056447001094057e+03 2.527113378961114466e-17
5.705436219191738928e+03 2.970342363758404285e-17
5.710815991382383800e+03 2.936517516172319996e-17
5.716195763573028671e+03 2.751435984938035917e-17
5.721575535763673543e+03 3.011970739364463285e-17
5.726955307954318414e+03 2.743260783798408535e-17
5.732335080144963285e+03 2.650824305552265387e-17
5.737714852335608157e+03 2.276950367560911448e-17
5.743094624526253028e+03 2.661874284135042744e-17
5.748474396716897900e+03 2.863625379324094653e-17
5.753854168907542771e+03 2.528182188240850369e-17
5.759233941098187643e+03 2.695072551135626140e-17
5.764613713288832514e+03 2.844903226558044835e-17
5.769993485479477386e+03 2.399480360401243070e-17
5.775373257670122257e+03 2.835824168317428604e-17
5.780753029860767128e+03 2.701479944970950559e-17
5.786132802051412000e+03 3.026083701889967484e-17
5.791512574242056871e+03 3.195563456353112770e-17
5.796892346432701743e+03 3.206125428354333654e-17
5.802272118623346614e+03 2.938958392022911078e-17
5.807651890813991486e+03 2.830081247147671301e-17
5.813031663004636357e+03 2.598973029768202174e-17
5.818411435195281229e+03 2.984698504648745716e-17
5.823791207385926100e+03 2.597712511142023840e-17
5.829170979576570971e+03 2.842484242629691512e-17
5.834550751767215843e+03 2.833491032197571072e-17
5.839930523957860714e+03 2.576178409008625718e-17
5.845310296148505586e+03 2.427326611911783312e-17
5.850690068339150457e+03 2.167762425177383254e-17
5.856069840529795329e+03 2.391134632783146147e-17
5.861449612720440200e+03 2.267364067961141495e-17
5.866829384911085072e+03 2.182121695207237519e-17
5.872209157101729943e+03 2.135357571451150603e-17
5.877588929292374814e+03 1.952409605342483868e-17
5.882968701483019686e+03 2.119767764568917726e-17
5.888348473673664557e+03 2.248287436426978837e-17
5.893728245864309429e+03 2.219428234770336019e-17
5.899108018054954300e+03 2.032998459973088437e-17
5.904487790245599172e+03 1.978323147866534661e-17
5.909867562436244043e+03 2.024733624399234170e-17
5.915247334626888914e+03 1.651726847694606225e-17
5.920627106817533786e+03 1.817904750294606194e-17
5.926006879008178657e+03 1.761498880732510408e-17
5.931386651198823529e+03 1.882395640849029977e-17
5.936766423389468400e+03 1.783726151005580963e-17
5.942146195580113272e+03 2.067035180519358140e-17
5.947525967770758143e+03 2.170025656236401098e-17
5.952905739961403015e+03 2.019552300164005691e-17
5.958285512152047886e+03 1.854251472663069505e-17
5.963665284342692757e+03 2.281998752866877940e-17
5.969045056533337629e+03 2.500042219980823976e-17
5.974424828723982500e+03 2.660744596545944923e-17
5.979804600914627372e+03 2.737419282089743517e-17
5.985184373105272243e+03 3.246485758170290525e-17
5.990564145295917115e+03 3.314283507883456384e-17
5.995943917486561986e+03 3.386717857572906923e-17
6.001323689677206858e+03 3.358244255020146806e-17
6.006703461867851729e+03 3.610516216196511963e-17
6.012083234058496600e+03 3.842832909567737120e-17
6.017463006249141472e+03 3.933995180599172184e-17
6.022842778439786343e+03 4.165463359713216133e-17
6.028222550630431215e+03 3.760608628271527422e-17
6.033602322821076086e+03 3.720376865036560909e-17
6.038982095011720958e+03 3.872307176033894928e-17
6.044361867202365829e+03 3.488204873873416053e-17
6.049741639393010701e+03 3.544089185555004487e-17
6.055121411583655572e+03 3.681794259158240661e-17
6.060501183774300443e+03 3.859198094851335142e-17
6.065880955964945315e+03 3.719407256935601011e-17
6.071260728155590186e+03 3.672940153540062891e-17
6.076640500346235058e+03 3.703882401945539409e-17
6.082020272536879929e+03 3.708003454653184105e-17
6.087400044727524801e+03 3.544774026501922189e-17
6.092779816918169672e+03 3.867666476012282176e-17
6.098159589108814544e+03 3.622342775319741128e-17
6.103539361299459415e+03 3.703051378440711837e-17
6.108919133490104286e+03 3.756907960735606967e-17
6.114298905680749158e+03 3.806384383150787652e-17
6.119678677871394029e+03 3.852044565663549921e-17
6.125058450062038901e+03 3.913903977866216527e-17
6.130438222252683772e+03 3.589199367101944427e-17
6.135817994443328644e+03 3.712280306560703877e-17
6.141197766633973515e+03 3.673770685013531393e-17
6.146577538824618387e+03 3.669169813261997165e-17
6.151957311015263258e+03 3.562034659782868495e-17
6.157337083205908129e+03 3.213184823542510477e-17
6.162716855396553001e+03 3.213736434537678463e-17
6.168096627587197872e+03 2.808239582095653569e-17
6.173476399777842744e+03 3.250004901866965093e-17
6.178856171968487615e+03 3.061189266934278395e-17
6.184235944159132487e+03 2.847079296335365756e-17
6.189615716349777358e+03 2.787913911620780488e-17
6.194995488540422230e+03 2.742434255044014356e-17
6.200375260731067101e+03 2.651160207379449774e-17
6.205755032921711972e+03 2.434570543943189546e-17
6.211134805112356844e+03 2.381686648252243242e-17
6.216514577303001715e+03 2.488455940929438940e-17
6.221894349493646587e+03 2.346492189679243788e-17
6.227274121684291458e+03 2.590247389068224676e-17
6.232653893874936330e+03 2.638429716043132234e-17
6.238033666065581201e+03 2.565900398489328280e-17
6.243413438256226073e+03 2.553330933830462294e-17
6.248793210446870944e+03 2.510476735997859019e-17
6.254172982637515815e+03 2.495935991663768865e-17
6.259552754828160687e+03 2.802334630730704576e-17
6.264932527018805558e+03 2.491683688058138436e-17
6.270312299209450430e+03 2.510676370891293155e-17
6.275692071400095301e+03 2.537581958525555909e-17
6.281071843590740173e+03 2.604340581605037095e-17
6.286451615781385044e+03 2.465774254989783676e-17
6.291831387972029916e+03 2.640540730780060238e-17
6.297211160162674787e+03 2.749005462003278228e-17
6.302590932353319658e+03 2.518433330424540891e-17
6.307970704543964530e+03 2.647808941562520234e-17
6.313350476734609401e+03 2.345395088667416155e-17
6.318730248925254273e+03 2.483214258962063915e-17
6.324110021115899144e+03 2.590161369723512934e-17
6.329489793306544016e+03 2.719577188924025842e-17
6.334869565497188887e+03 2.674735662387394082e-17
6.340249337687833759e+03 2.480446469006167578e-17
6.345629109878478630e+03 2.582102220466845502e-17
6.351008882069123501e+03 2.626698802236483242e-17
6.356388654259768373e+03 2.693225771312574757e-17
6.361768426450413244e+03 2.761276083574345984e-17
6.367148198641058116e+03 2.778301945428290333e-17
6.372527970831702987e+03 2.699204954350033778e-17
6.377907743022347859e+03 3.037743043547015295e-17
6.383287515212992730e+03 3.015621838526633587e-17
6.388667287403637602e+03 2.999353806703509770e-17
6.394047059594282473e+03 3.245603885298278947e-17
6.399426831784927344e+03 3.466097022523844061e-17
6.404806603975572216e+03 3.139602031961238009e-17
6.410186376166217087e+03 3.221454775509756685e-17
6.415566148356861959e+03 3.187342282049361455e-17
6.420945920547506830e+03 2.999468728234204296e-17
6.426325692738151702e+03 2.998178817432529766e-17
6.431705464928796573e+03 3.122806696603360019e-17
6.437085237119441445e+03 3.212315942976257904e-17
6.442465009310086316e+03 3.098479763466376332e-17
6.447844781500731187e+03 3.166373493782692494e-17
6.453224553691376059e+03 3.071617731073369452e-17
6.458604325882020930e+03 3.157551897494490675e-17
6.463984098072665802e+03 3.150484706394280228e-17
6.469363870263310673e+03 3.347147727664079279e-17
6.474743642453955545e+03 3.297985323771653568e-17
6.480123414644600416e+03 3.186415372860098251e-17
6.485503186835245288e+03 3.226268143630854370e-17
6.490882959025890159e+03 2.901410641040736086e-17
6.496262731216535030e+03 3.161404439010855022e-17
6.501642503407179902e+03 3.366758771553368914e-17
6.507022275597824773e+03 2.902834274800250111e-17
6.512402047788469645e+03 2.766188454708775896e-17
6.517781819979114516e+03 2.459704175275090146e-17
6.523161592169759388e+03 2.707313299629788395e-17
6.528541364360404259e+03 2.472396736614135924e-17
6.533921136551049131e+03 2.765697750841692193e-17
6.539300908741694002e+03 2.798829676495427173e-17
6.544680680932338873e+03 2.947172168396607130e-17
6.550060453122983745e+03 2.878692723468015626e-17
6.555440225313628616e+03 2.699806960951172612e-17
6.560819997504273488e+03 2.538107696751738743e-17
6.566199769694918359e+03 2.156929715362328537e-17
6.571579541885563231e+03 2.168972851193459208e-17
6.576959314076208102e+03 2.439575941049219452e-17
6.582339086266852973e+03 2.409036715640140429e-17
6.587718858457497845e+03 2.687809711561466717e-17
6.593098630648142716e+03 2.811002158137602845e-17
6.598478402838787588e+03 2.750279886865883802e-17
6.603858175029432459e+03 2.882743862391787488e-17
6.609237947220077331e+03 2.796849029205222200e-17
6.614617719410722202e+03 2.835263450194397258e-17
6.619997491601367074e+03 2.573346580797499531e-17
6.625377263792011945e+03 2.966096996955451921e-17
6.630757035982656816e+03 3.267762233198282531e-17
6.636136808173301688e+03 3.304285109751050107e-17
6.641516580363946559e+03 3.339160341528736528e-17
6.646896352554591431e+03 3.225778568904818134e-17
6.652276124745236302e+03 3.369316217491427528e-17
6.657655896935881174e+03 3.469513989449789209e-17
6.663035669126526045e+03 3.181663126256215502e-17
6.668415441317170917e+03 3.046062683171821976e-17
6.673795213507815788e+03 3.394757398088064932e-17
6.679174985698460659e+03 3.169158446221343091e-17
6.684554757889105531e+03 3.552153749788958394e-17
6.689934530079750402e+03 3.319144096038934998e-17
6.695314302270395274e+03 3.130222092593335067e-17
6.700694074461040145e+03 3.076614280142924617e-17
6.706073846651685017e+03 3.023177734994856764e-17
6.711453618842329888e+03 3.025462773526689702e-17
6.716833391032974760e+03 3.013643661104424648e-17
6.722213163223619631e+03 3.088645139773967532e-17
6.727592935414264502e+03 3.275554617536307376e-17
6.732972707604909374e+03 3.225126019732470061e-17
6.738352479795554245e+03 3.254966328056473785e-17
6.743732251986199117e+03 3.486222279021999325e-17
6.749112024176843988e+03 3.385287669760358880e-17
6.754491796367488860e+03 3.411374102711310055e-17
6.759871568558133731e+03 3.346677274460136757e-17
6.765251340748778603e+03 3.373645225281986935e-17
6.770631112939423474e+03 3.014938350596117105e-17
6.776010885130068345e+03 2.891913809991338326e-17
6.781390657320713217e+03 3.215339000823228946e-17
6.786770429511358088e+03 3.074619922332962789e-17
6.792150201702002960e+03 2.893466637649923925e-17
6.797529973892647831e+03 2.910176097961995650e-17
6.802909746083292703e+03 3.032867542949246267e-17
6.808289518273937574e+03 2.993061044470308647e-17
6.813669290464582446e+03 2.965104713153975542e-17
6.819049062655227317e+03 2.536651393510271587e-17
6.824428834845872188e+03 2.409362188307229820e-17
6.829808607036517060e+03 2.564991092530411692e-17
6.835188379227161931e+03 2.809468362917246651e-17
6.840568151417806803e+03 2.948717290186258554e-17
6.845947923608451674e+03 2.709441785037760273e-17
6.851327695799096546e+03 2.729303776449721037e-17
6.856707467989741417e+03 2.736710358948476688e-17
6.862087240180386289e+03 2.654402237752207724e-17
6.867467012371031160e+03 2.475671484516928460e-17
6.872846784561676031e+03 2.134075649318803833e-17
6.878226556752320903e+03 2.005729740888171444e-17
6.883606328942965774e+03 2.198480276831277894e-17
6.888986101133610646e+03 2.039536552480668874e-17
6.894365873324255517e+03 2.088621270834803806e-17
6.899745645514900389e+03 2.235660220306877367e-17
6.905125417705545260e+03 2.231050541789292073e-17
6.910505189896190132e+03 2.330932321570386643e-17
6.915884962086835003e+03 2.174344653309760897e-17
6.921264734277479874e+03 2.440380509466733783e-17
6.926644506468124746e+03 2.470061230657438156e-17
6.932024278658769617e+03 2.454105319466033325e-17
6.937404050849414489e+03 2.307408490978359194e-17
6.942783823040059360e+03 2.225745016980092641e-17
6.948163595230704232e+03 2.337434639215384895e-17
6.953543367421349103e+03 2.337174427702315965e-17
6.958923139611993975e+03 2.376120075806567633e-17
6.964302911802638846e+03 2.301136487858874850e-17
6.969682683993283717e+03 2.092898174758992917e-17
6.975062456183928589e+03 2.271516054228478640e-17
6.980442228374573460e+03 2.464963126590155839e-17
6.985822000565218332e+03 2.173605344051073863e-17
6.991201772755863203e+03 2.187363078546475856e-17
6.996581544946508075e+03 2.213983575696941559e-17
7.001961317137152946e+03 2.058408447065642696e-17
7.007341089327797818e+03 2.184719326972893302e-17
7.012720861518442689e+03 2.160158185418739115e-17
7.018100633709087560e+03 2.152542737183175568e-17
7.023480405899732432e+03 2.217245397644347842e-17
7.028860178090377303e+03 2.108900595876819664e-17
7.034239950281022175e+03 2.099899052573887325e-17
7.039619722471667046e+03 2.069324455423702300e-17
7.044999494662311918e+03 2.111381899905286237e-17
7.050379266852956789e+03 1.934204344311863934e-17
7.055759039043601661e+03 1.940436416921244874e-17
7.061138811234246532e+03 2.042977489362174368e-17
7.066518583424891403e+03 1.948699832190105470e-17
7.071898355615536275e+03 2.065836483902972555e-17
7.077278127806181146e+03 2.219185143771341448e-17
7.082657899996826018e+03 1.908004777527573469e-17
7.088037672187470889e+03 2.115750978353834237e-17
7.093417444378115761e+03 2.041063651637347344e-17
7.098797216568760632e+03 2.201873732734620832e-17
7.104176988759405504e+03 2.140737851083136020e-17
7.109556760950050375e+03 1.928668452051172692e-17
7.114936533140695246e+03 2.197892804764577311e-17
7.120316305331340118e+03 2.142583698947744378e-17
7.125696077521984989e+03 2.283296550196303649e-17
7.131075849712629861e+03 1.873144192596908012e-17
7.136455621903274732e+03 1.962497019557134261e-17
7.141835394093919604e+03 1.957685911783982264e-17
7.147215166284564475e+03 2.176446548118779894e-17
7.152594938475209347e+03 2.411298378890584727e-17
7.157974710665854218e+03 2.363987893945531949e-17
7.163354482856499089e+03 2.164929805583452279e-17
7.168734255047143961e+03 2.209534828905028166e-17
7.174114027237788832e+03 2.021807889378309132e-17
7.179493799428433704e+03 1.990468677815571992e-17
7.184873571619078575e+03 2.056826929525474241e-17
7.190253343809723447e+03 1.846652231129753977e-17
7.195633116000368318e+03 1.772827063439610121e-17
7.201012888191013189e+03 1.666989011758971702e-17
7.206392660381658061e+03 1.936431185960828725e-17
7.211772432572302932e+03 2.013889073982855485e-17
7.217152204762947804e+03 2.018423408527846733e-17
7.222531976953592675e+03 2.040102339520770310e-17
7.227911749144237547e+03 2.165528440385456166e-17
7.233291521334882418e+03 2.289150406190427858e-17
7.238671293525527290e+03 2.194860838908629862e-17
7.244051065716172161e+03 2.023029513899317180e-17
7.249430837906817032e+03 2.117695166136412865e-17
7.254810610097461904e+03 2.002359110916918038e-17
7.260190382288106775e+03 2.062508906729115150e-17
7.265570154478751647e+03 1.944064604789780095e-17
7.270949926669396518e+03 1.911154468882348981e-17
7.276329698860041390e+03 2.114556214853294606e-17
7.281709471050686261e+03 2.459345983388757666e-17
7.287089243241331133e+03 2.193631965060338740e-17
7.292469015431976004e+03 2.068435037027637027e-17
7.297848787622620875e+03 1.863445248288501227e-17
7.303228559813265747e+03 1.769733199235034683e-17
7.308608332003910618e+03 1.775314334574266063e-17
7.313988104194555490e+03 2.238947500148327809e-17
7.319367876385200361e+03 2.249656258504264295e-17
7.324747648575845233e+03 2.029126407244305201e-17
7.330127420766490104e+03 2.023519452619668590e-17
7.335507192957134976e+03 2.228199255586042125e-17
7.340886965147779847e+03 2.406062145051606579e-17
7.346266737338424718e+03 2.485235601235322770e-17
7.351646509529069590e+03 2.212314479804668729e-17
7.357026281719714461e+03 2.073955995583339552e-17
7.362406053910359333e+03 1.966036243577887799e-17
7.367785826101004204e+03 2.007345018059128934e-17
7.373165598291649076e+03 2.271633361230267724e-17
7.378545370482293947e+03 2.231083552587707857e-17
7.383925142672938819e+03 2.075954688102961404e-17
7.389304914863583690e+03 2.336737341708086196e-17
7.394684687054228561e+03 2.353535724898142499e-17
7.400064459244873433e+03 2.189180008861852260e-17
7.405444231435518304e+03 2.205398737747923854e-17
7.410824003626163176e+03 2.094021071619465036e-17
7.416203775816808047e+03 2.207055081247458437e-17
7.421583548007452919e+03 2.446828855111208036e-17
7.426963320198097790e+03 2.592803433447774932e-17
7.432343092388742662e+03 2.384720437649695880e-17
7.437722864579387533e+03 2.521271693780890954e-17
7.443102636770032404e+03 2.468170133270488600e-17
7.448482408960677276e+03 2.526887081183498652e-17
7.453862181151322147e+03 2.579362827108890987e-17
7.459241953341967019e+03 2.387841696525077590e-17
7.464621725532611890e+03 2.379772174180736584e-17
7.470001497723256762e+03 2.501649508168335457e-17
7.475381269913901633e+03 2.463507360412967552e-17
7.480761042104546505e+03 2.521745642514602149e-17
7.486140814295191376e+03 2.368260615336322897e-17
7.491520586485836247e+03 2.425421696815009005e-17
7.496900358676481119e+03 2.618965424326336338e-17
7.502280130867125990e+03 2.666643648350136244e-17
7.507659903057770862e+03 2.626031761505055777e-17
7.513039675248415733e+03 2.178772412713456823e-17
7.518419447439060605e+03 2.125069205273717090e-17
7.523799219629705476e+03 2.220553942126279098e-17
7.529178991820350348e+03 2.329801284465453247e-17
7.534558764010995219e+03 2.495370069277628183e-17
7.539938536201640090e+03 2.420098346407632254e-17
7.545318308392284962e+03 2.366856954342280772e-17
7.550698080582929833e+03 2.178755489348707144e-17
7.556077852773574705e+03 2.328690780933795953e-17
7.561457624964219576e+03 2.598507538811487880e-17
7.566837397154864448e+03 2.497846614426669250e-17
7.572217169345509319e+03 2.287595616091953320e-17
7.577596941536154191e+03 2.481232565845064529e-17
7.582976713726799062e+03 2.252736127037897662e-17
7.588356485917443933e+03 2.177240576807207117e-17
7.593736258108088805e+03 1.778607177379961995e-17
7.599116030298733676e+03 1.211440548875165898e-17
7.604495802489378548e+03 8.514707022176822432e-18
7.609875574680023419e+03 8.017580710672836557e-18
7.615255346870668291e+03 9.551966475018700948e-18
7.620635119061313162e+03 1.418479945243934613e-17
7.626014891251958034e+03 1.439125442814175081e-17
7.631394663442602905e+03 1.514100085089140765e-17
7.636774435633247776e+03 1.233968848307216753e-17
7.642154207823892648e+03 1.153812537729476402e-17
7.647533980014537519e+03 1.383813484812912274e-17
7.652913752205182391e+03 1.434486481018943042e-17
7.658293524395827262e+03 1.603863391816269983e-17
7.663673296586472134e+03 1.753070633938674196e-17
7.669053068777117005e+03 1.616145844373277116e-17
7.674432840967761877e+03 1.847381984538263755e-17
7.679812613158406748e+03 2.019906167290793368e-17
7.685192385349051619e+03 2.093651281638421270e-17
7.690572157539696491e+03 1.956682681901806786e-17
7.695951929730341362e+03 1.789034443081941782e-17
7.701331701920986234e+03 1.683939874657321303e-17
7.706711474111631105e+03 1.882420459677769050e-17
7.712091246302275977e+03 2.011352302813090895e-17
7.717471018492920848e+03 1.951404811156035869e-17
7.722850790683565720e+03 2.142343689601739216e-17
7.728230562874210591e+03 1.936525933036109552e-17
7.733610335064855462e+03 2.026096082007616645e-17
7.738990107255500334e+03 2.118043760057909478e-17
7.744369879446145205e+03 1.938140590637898705e-17
7.749749651636790077e+03 1.958952138647025384e-17
7.755129423827434948e+03 1.694999664988991920e-17
7.760509196018079820e+03 1.480560431476152740e-17
7.765888968208724691e+03 1.635394500946352216e-17
7.771268740399369563e+03 1.605132898696476683e-17
7.776648512590014434e+03 1.541611771790654161e-17
7.782028284780659305e+03 1.455997661402637974e-17
7.787408056971304177e+03 1.313549631493939934e-17
7.792787829161949048e+03 1.420028788676267433e-17
7.798167601352593920e+03 1.510514483678265978e-17
7.803547373543238791e+03 1.378146363038605380e-17
7.808927145733883663e+03 1.277429505818877702e-17
7.814306917924528534e+03 1.328612073222504328e-17
7.819686690115173406e+03 1.484101041254947631e-17
7.825066462305818277e+03 1.362733087827627111e-17
7.830446234496463148e+03 1.480090959086447530e-17
7.835826006687108020e+03 1.396089432567412269e-17
7.841205778877752891e+03 1.289695453866631760e-17
7.846585551068397763e+03 1.176173937650415457e-17
7.851965323259042634e+03 1.412702419959337948e-17
7.857345095449687506e+03 1.719047514663640423e-17
7.862724867640332377e+03 1.586285233119977908e-17
7.868104639830977248e+03 1.625243253000103217e-17
7.873484412021622120e+03 1.524948878215232895e-17
7.878864184212266991e+03 1.512724155974862200e-17
7.884243956402911863e+03 1.616477436917109181e-17
7.889623728593556734e+03 1.718264612004043281e-17
7.895003500784201606e+03 1.689624970367765572e-17
7.900383272974846477e+03 1.874385374106225210e-17
7.905763045165491349e+03 2.042903713766747551e-17
7.911142817356136220e+03 2.154654717191703820e-17
7.916522589546781091e+03 2.230211696621391359e-17
7.921902361737425963e+03 2.588896306874791158e-17
7.927282133928070834e+03 2.589654121941545552e-17
7.932661906118715706e+03 2.507750103764301290e-17
7.938041678309360577e+03 2.697956723313895048e-17
7.943421450500005449e+03 2.478062031881746766e-17
7.948801222690650320e+03 2.553771337738115075e-17
7.954180994881295192e+03 2.367032663283941523e-17
7.959560767071940063e+03 2.361523052002916168e-17
7.964940539262584934e+03 2.682561166215270077e-17
7.970320311453229806e+03 2.920229433762180286e-17
7.975700083643874677e+03 2.687139246982889453e-17
7.981079855834519549e+03 3.056801298255858200e-17
7.986459628025164420e+03 2.935086363089957735e-17
7.991839400215809292e+03 2.831233713820012174e-17
7.997219172406454163e+03 3.012645547903925397e-17
8.002598944597099035e+03 3.803177906425517125e-17
8.007978716787743906e+03 3.308956384519384562e-17
8.013358488978388777e+03 2.712699646619437659e-17
8.018738261169033649e+03 3.083950054258646532e-17
8.024118033359678520e+03 3.101554401410040453e-17
8.029497805550323392e+03 2.514202534026174630e-17
8.034877577740968263e+03 2.664197855729125374e-17
8.040257349931613135e+03 2.540004005298180831e-17
8.045637122122258006e+03 2.946467208518556535e-17
8.051016894312902878e+03 2.967413300211070440e-17
8.056396666503547749e+03 2.839773187648137440e-17
8.061776438694192620e+03 2.597522074822785379e-17
8.067156210884837492e+03 2.738165583899225315e-17
8.072535983075482363e+03 3.048053292043615293e-17
8.077915755266127235e+03 2.789659261056452399e-17
8.083295527456772106e+03 2.860410555029054505e-17
8.088675299647416978e+03 2.530160626561676800e-17
8.094055071838061849e+03 2.283160613914307174e-17
8.099434844028706721e+03 2.544194183162836153e-17
8.104814616219351592e+03 2.404120485717767322e-17
8.110194388409996463e+03 2.292304078823086976e-17
8.115574160600641335e+03 2.027216382205360545e-17
8.120953932791286206e+03 2.148275179447878918e-17
8.126333704981931078e+03 2.113063360682512066e-17
8.131713477172575949e+03 2.285493158578588943e-17
8.137093249363220821e+03 2.579870153958986558e-17
8.142473021553865692e+03 2.218880520554895552e-17
8.147852793744510564e+03 1.846378302434625912e-17
8.153232565935155435e+03 1.836002914267791681e-17
8.158612338125800306e+03 2.292683714101453135e-17
8.163992110316445178e+03 2.161016602802332265e-17
8.169371882507090049e+03 1.762865749288999125e-17
8.174751654697734921e+03 1.856510541439166164e-17
8.180131426888379792e+03 1.808496998235638136e-17
8.185511199079024664e+03 1.731827041426763941e-17
8.190890971269669535e+03 1.529885411565617193e-17
8.196270743460314407e+03 1.576062904654402796e-17
8.201650515650959278e+03 2.241206290795321887e-17
8.207030287841604149e+03 2.085245988129821994e-17
8.212410060032249021e+03 1.966198503217854097e-17
8.217789832222893892e+03 1.815156874454813376e-17
8.223169604413538764e+03 2.086134853196823101e-17
8.228549376604183635e+03 1.879101806602384450e-17
8.233929148794828507e+03 1.728882588857539976e-17
8.239308920985473378e+03 2.269758080125532350e-17
8.244688693176118250e+03 1.681118507568237381e-17
8.250068465366763121e+03 1.673190210451123411e-17
8.255448237557407992e+03 1.841771886630766116e-17
8.260828009748052864e+03 2.482686330606798514e-17
8.266207781938697735e+03 2.500880632734906996e-17
8.271587554129342607e+03 1.565862098226459318e-17
8.276967326319987478e+03 2.036221577872766157e-17
8.282347098510632350e+03 2.986661255246005013e-17
8.287726870701277221e+03 2.363593608830874445e-17
8.293106642891922093e+03 2.167267164451529755e-17
8.298486415082566964e+03 2.159689860406620186e-17
8.303866187273211835e+03 2.262104816051183768e-17
8.309245959463856707e+03 2.110553545756737172e-17
8.314625731654501578e+03 1.727116871074002329e-17
8.320005503845146450e+03 2.206721440813949780e-17
8.325385276035791321e+03 1.942992323373929639e-17
8.330765048226436193e+03 1.536987450736993406e-17
8.336144820417081064e+03 1.747422274810154448e-17
8.341524592607725936e+03 1.857287332992889564e-17
8.346904364798370807e+03 2.204541615030818840e-17
8.352284136989015678e+03 2.332885707909339468e-17
8.357663909179660550e+03 1.851135675718864666e-17
8.363043681370305421e+03 2.412957393792081161e-17
8.368423453560950293e+03 2.305987314149781510e-17
8.373803225751595164e+03 1.488807717707436923e-17
8.379182997942240036e+03 1.187694906599943703e-17
8.384562770132884907e+03 1.883697173635986956e-17
8.389942542323529779e+03 1.898028098637926786e-17
8.395322314514174650e+03 1.733486702541258171e-17
8.400702086704819521e+03 2.016535085955466170e-17
8.406081858895464393e+03 3.149812960602669033e-17
8.411461631086109264e+03 2.737206135693636054e-17
8.416841403276754136e+03 1.974143841607471768e-17
8.422221175467399007e+03 1.084678481238899762e-17
8.427600947658043879e+03 1.217384201072476295e-17
8.432980719848688750e+03 2.075966691041673807e-17
8.438360492039333622e+03 3.009037560644832064e-17
8.443740264229978493e+03 1.764494084116756911e-17
8.449120036420623364e+03 1.174668798901361790e-17
8.454499808611268236e+03 1.503740141333699959e-17
8.459879580801913107e+03 2.575882181471587625e-17
8.465259352992557979e+03 2.442187449144450646e-17
8.470639125183202850e+03 2.784124562856020060e-17
8.476018897373847722e+03 3.157381515668916542e-17
8.481398669564492593e+03 1.747478453534810941e-17
8.486778441755137464e+03 1.103418804873236995e-17
8.492158213945782336e+03 9.908109052271343291e-18
8.497537986136427207e+03 1.674423851790671531e-17
8.502917758327072079e+03 1.996611970881161655e-17
8.508297530517716950e+03 1.407384216932463078e-17
8.513677302708361822e+03 1.428926192625421032e-17
8.519057074899006693e+03 1.152921451839262183e-17
8.524436847089651565e+03 7.773107107022240206e-18
8.529816619280296436e+03 1.331526841603736721e-17
8.535196391470941307e+03 1.810948509532901191e-17
8.540576163661586179e+03 1.647072614584863718e-17
8.545955935852231050e+03 1.183295114405575206e-17
8.551335708042875922e+03 1.211524342995734800e-17
8.556715480233520793e+03 1.554853422397387401e-17
8.562095252424165665e+03 1.044551863051433721e-17
8.567475024614810536e+03 9.222219215835639413e-18
8.572854796805455408e+03 1.261217442982344147e-17
8.578234568996100279e+03 2.261441809316413018e-17
8.583614341186745150e+03 1.965581318819133666e-17
8.588994113377390022e+03 9.911176830260169381e-18
8.594373885568034893e+03 1.472321281944394463e-17
8.599753657758679765e+03 1.875364496814055783e-17
8.605133429949324636e+03 1.670156837753656260e-17
8.610513202139969508e+03 1.668589505510276553e-17
8.615892974330614379e+03 2.038302512080071270e-17
8.621272746521259251e+03 1.457421427366657154e-17
8.626652518711904122e+03 1.600029315109885983e-17
8.632032290902548993e+03 2.185809503896163998e-17
8.637412063093193865e+03 2.647293901482854639e-17
8.642791835283838736e+03 1.370866170576851039e-17
8.648171607474483608e+03 1.457001751711303254e-17
8.653551379665128479e+03 1.787466617347900309e-17
8.658931151855773351e+03 2.695885706916023991e-17
8.664310924046418222e+03 2.332340787550855342e-17
8.669690696237063094e+03 2.040678886569721579e-17
8.675070468427707965e+03 1.823350031832623470e-17
8.680450240618352836e+03 1.323401967469923127e-17
8.685830012808997708e+03 1.527601602485614057e-17
8.691209784999642579e+03 2.081438353201059534e-17
8.696589557190287451e+03 2.418032839710509100e-17
8.701969329380932322e+03 2.127540466081721666e-17
8.707349101571577194e+03 1.810928428579817507e-17
8.712728873762222065e+03 2.216232559549053117e-17
8.718108645952866937e+03 2.923495080000128386e-17
8.723488418143511808e+03 2.745239018106238626e-17
8.728868190334156679e+03 2.880194692808187876e-17
8.734247962524801551e+03 2.339903604150682962e-17
8.739627734715446422e+03 1.973843529432552862e-17
8.745007506906091294e+03 2.661771490778500451e-17
8.750387279096736165e+03 3.332780020668331280e-17
8.755767051287381037e+03 5.354842351316195097e-17
8.761146823478025908e+03 5.948379248314762829e-17
8.766526595668670780e+03 3.238280729262243503e-17
8.771906367859315651e+03 3.600893069286087205e-17
8.777286140049960522e+03 3.953732550685931408e-17
8.782665912240605394e+03 3.885214381470965119e-17
8.788045684431250265e+03 3.611244552034224897e-17
8.793425456621895137e+03 3.439737802649921521e-17
8.798805228812540008e+03 4.806292589069716771e-17
8.804185001003184880e+03 4.860346516338422575e-17
8.809564773193829751e+03 4.506998168203542891e-17
8.814944545384474623e+03 4.718840814542849537e-17
8.820324317575119494e+03 6.347571952846125799e-17
8.825704089765764365e+03 8.350119872356546296e-17
8.831083861956409237e+03 6.353530871439361634e-17
8.836463634147054108e+03 6.455279412710113698e-17
8.841843406337698980e+03 6.277813200255629154e-17
8.847223178528343851e+03 5.351837254951606770e-17
8.852602950718988723e+03 5.040276187541959266e-17
8.857982722909633594e+03 5.287115317784284485e-17
8.863362495100278466e+03 5.680693729244670403e-17
8.868742267290923337e+03 6.174940312563003022e-17
8.874122039481568208e+03 5.965388846141268687e-17
8.879501811672213080e+03 4.238972701184807389e-17
8.884881583862857951e+03 3.619899559427029683e-17
8.890261356053502823e+03 5.383131215992120899e-17
8.895641128244147694e+03 5.504200207283795802e-17
8.901020900434792566e+03 2.711814692183838033e-17
8.906400672625437437e+03 5.009128022807242802e-17
8.911780444816082309e+03 1.025423511032408905e-16
8.917160217006727180e+03 1.529447386099029487e-16
8.922539989197372051e+03 8.787296949991150836e-17
8.927919761388016923e+03 2.725920505762230747e-17
8.933299533578661794e+03 2.375445731324259425e-17
8.938679305769306666e+03 4.359592304133538119e-17
8.944059077959951537e+03 6.308787810484108414e-17
8.949438850150596409e+03 6.233785319811064042e-17
8.954818622341241280e+03 7.541855310233590541e-17
8.960198394531886152e+03 7.415409760211640115e-17
8.965578166722531023e+03 1.064665590316324257e-16
8.970957938913175894e+03 1.061602436789280711e-16
8.976337711103820766e+03 5.543335965412803516e-17
8.981717483294465637e+03 3.217839203773733287e-17
8.987097255485110509e+03 4.722205530567475658e-17
8.992477027675755380e+03 5.557886500987815582e-17
8.997856799866400252e+03 2.829754507106832817e-17
9.003236572057045123e+03 2.150250503974203284e-17
9.008616344247689995e+03 4.753039757033124052e-17
9.013996116438334866e+03 5.507040168990228942e-17
9.019375888628979737e+03 4.842134470692767602e-17
9.024755660819624609e+03 4.514709401609935276e-17
9.030135433010269480e+03 4.523487891414207292e-17
9.035515205200914352e+03 3.367772782120583382e-17
9.040894977391559223e+03 3.001703851090757694e-17
9.046274749582204095e+03 3.849553428069162310e-17
9.051654521772848966e+03 3.411158034103504033e-17
9.057034293963493838e+03 2.660103958710654850e-17
9.062414066154138709e+03 3.484280343367259185e-17
9.067793838344783580e+03 4.045256671651534483e-17
9.073173610535428452e+03 3.586075443945945006e-17
9.078553382726073323e+03 2.892933229708569675e-17
9.083933154916718195e+03 2.350660602346663162e-17
9.089312927107363066e+03 2.131181605849576098e-17
9.094692699298007938e+03 1.942340046923246329e-17
9.100072471488652809e+03 2.055043751063442187e-17
9.105452243679297681e+03 2.289828864010797485e-17
9.110832015869942552e+03 1.865798405718606674e-17
9.116211788060587423e+03 1.359098860667098857e-17
9.121591560251232295e+03 2.121046870504503487e-17
9.126971332441877166e+03 2.280319510219932137e-17
9.132351104632522038e+03 1.558322095418272999e-17
9.137730876823166909e+03 1.275940273959881030e-17
9.143110649013811781e+03 2.524874236662383124e-17
9.148490421204456652e+03 2.442766314816705937e-17
9.153870193395101523e+03 9.603822607928043534e-18
9.159249965585746395e+03 3.579998428918182230e-18
9.164629737776391266e+03 1.843207224260747276e-17
9.170009509967036138e+03 3.600741675378435589e-17
9.175389282157681009e+03 3.178008522921639092e-17
9.180769054348325881e+03 1.832104865863274357e-17
9.186148826538970752e+03 1.581852457598948939e-17
9.191528598729615624e+03 1.083411183237783082e-17
9.196908370920260495e+03 1.940767185615830999e-18
9.202288143110905366e+03 1.292528368569439779e-17
9.207667915301550238e+03 2.328826256107711817e-17
9.213047687492195109e+03 2.361498188506100535e-17
9.218427459682839981e+03 2.312480977606140501e-17
9.223807231873484852e+03 3.126097756033844656e-17
9.229187004064129724e+03 3.074373699481528220e-17
9.234566776254774595e+03 1.585193335579887911e-17
9.239946548445419467e+03 8.802235617872401932e-18
9.245326320636064338e+03 1.674470279378307886e-17
9.250706092826709209e+03 2.849197810820468596e-17
9.256085865017354081e+03 2.404343235812939648e-17
9.261465637207998952e+03 1.894984400877595198e-17
9.266845409398643824e+03 2.014846761050055410e-17
9.272225181589288695e+03 2.539453158991935566e-17
9.277604953779933567e+03 2.692322724570221293e-17
9.282984725970578438e+03 1.929304597173715948e-17
9.288364498161223310e+03 2.596773549112792611e-17
9.293744270351868181e+03 2.782882812766984015e-17
9.299124042542513052e+03 2.096207975342801261e-17
9.304503814733157924e+03 2.376558955515749714e-17
9.309883586923802795e+03 3.836493303531825719e-17
9.315263359114447667e+03 3.519369679266832987e-17
9.320643131305092538e+03 2.754943282253083423e-17
9.326022903495737410e+03 3.128995988112583546e-17
9.331402675686382281e+03 3.953374645165957808e-17
9.336782447877027153e+03 2.255306396562498205e-17
9.342162220067672024e+03 1.301526710333183257e-17
9.347541992258316895e+03 1.492383762798586569e-17
9.352921764448961767e+03 2.801208200347486615e-17
9.358301536639606638e+03 4.324640712188256218e-17
9.363681308830251510e+03 4.592703895005097004e-17
9.369061081020896381e+03 5.571827992034783703e-17
9.374440853211541253e+03 6.556404695377477284e-17
9.379820625402186124e+03 7.782873781284763374e-17
9.385200397592830996e+03 1.473858754997209186e-16
9.390580169783475867e+03 1.096706823452455108e-16
9.395959941974120738e+03 4.069637436007355622e-17
9.401339714164765610e+03 2.049198235034800964e-17
9.406719486355410481e+03 4.138346149612849070e-17
9.412099258546055353e+03 7.167143555359601053e-17
9.417479030736700224e+03 9.721191797385995076e-17
9.422858802927345096e+03 4.758275971459601347e-17
9.428238575117989967e+03 7.245857542334098031e-17
9.433618347308634839e+03 1.309863696714480585e-16
9.438998119499279710e+03 1.831856545189638791e-16
9.444377891689924581e+03 6.712691302626282318e-17
9.449757663880569453e+03 2.137718087482263847e-17
9.455137436071214324e+03 8.532404864524439358e-18
9.460517208261859196e+03 1.751759853281356132e-17
9.465896980452504067e+03 9.223962973479308751e-17
9.471276752643148939e+03 1.043110401734181381e-16
9.476656524833793810e+03 1.242374091739672503e-16
9.482036297024438682e+03 8.346863939740665913e-17
9.487416069215083553e+03 1.416702339992539889e-16
9.492795841405728424e+03 9.194647314124242582e-17
9.498175613596373296e+03 2.423544879126922762e-17
9.503555385787018167e+03 1.976860616335586937e-17
9.508935157977663039e+03 4.946111717226792428e-17
9.514314930168307910e+03 6.650400792231482601e-17
9.519694702358952782e+03 4.120903644254432819e-17
9.525074474549597653e+03 3.543756706467992513e-17
9.530454246740242525e+03 7.852398415781262940e-17
9.535834018930887396e+03 5.516852074768773378e-17
9.541213791121532267e+03 3.245236343115786841e-17
9.546593563312177139e+03 2.102924053998869514e-17
9.551973335502822010e+03 1.785991326016017880e-17
9.557353107693466882e+03 3.530998489678281729e-17
9.562732879884111753e+03 5.457872303647393016e-17
9.568112652074756625e+03 6.325381453117822186e-17
9.573492424265401496e+03 2.881822774041615007e-17
9.578872196456046368e+03 4.182206495797013696e-17
9.584251968646691239e+03 4.834769826989871756e-17
9.589631740837336110e+03 4.361569865881583139e-17
9.595011513027980982e+03 3.884263240479259343e-17
9.600391285218625853e+03 1.543283476454977020e-17
9.605771057409270725e+03 2.352410196318763490e-17
9.611150829599915596e+03 4.240344574585720531e-17
9.616530601790560468e+03 2.477648879606187132e-17
9.621910373981205339e+03 6.206228238017731164e-18
9.627290146171850211e+03 3.994934113884423605e-18
9.632669918362495082e+03 2.310150667277668891e-17
9.638049690553139953e+03 3.544839486174831860e-17
9.643429462743784825e+03 2.399389360947581684e-17
9.648809234934429696e+03 1.591340920764816508e-17
9.654189007125074568e+03 2.072742196120376022e-17
9.659568779315719439e+03 1.196204271913235687e-17
9.664948551506364311e+03 3.320057086574596568e-18
9.670328323697009182e+03 4.910949345893629683e-18
9.675708095887654054e+03 1.793497930820588948e-17
9.681087868078298925e+03 3.178339952186413295e-17
9.686467640268943796e+03 2.188272879994910030e-17
9.691847412459588668e+03 1.027669092969776840e-17
9.697227184650233539e+03 2.195705389090082895e-17
9.702606956840878411e+03 2.597275004624764921e-17
9.707986729031523282e+03 1.800960365763559168e-17
9.713366501222168154e+03 2.116892415058492992e-17
9.718746273412813025e+03 2.633303072452601431e-17
9.724126045603457897e+03 1.053555048204104060e-17
9.729505817794102768e+03 9.448055847336269289e-18
9.734885589984747639e+03 1.016561753209417652e-17
9.740265362175392511e+03 1.469039497952906353e-17
9.745645134366037382e+03 1.713315598796829093e-17
9.751024906556682254e+03 8.538720226865504944e-18
9.756404678747327125e+03 1.402535393280552166e-17
9.761784450937971997e+03 1.900542106728939721e-17
9.767164223128616868e+03 1.630077067434847376e-17
9.772543995319261739e+03 1.396066073035543164e-17
9.777923767509906611e+03 1.283188664109079113e-17
9.783303539700551482e+03 7.670794681141020206e-18
9.788683311891196354e+03 1.163177665941007498e-17
9.794063084081841225e+03 2.108920596558486179e-17
9.799442856272486097e+03 1.622036596066656791e-17
9.804822628463130968e+03 8.260565325679843369e-18
9.810202400653775840e+03 1.845805315755431779e-18
9.815582172844420711e+03 6.496091886449505192e-18
9.820961945035065582e+03 2.153658198738062232e-17
9.826341717225710454e+03 2.752605867834231432e-17
9.831721489416355325e+03 2.475878914274744256e-17
9.837101261607000197e+03 2.224251045900963525e-17
9.842481033797645068e+03 1.439581944777607129e-17
9.847860805988289940e+03 9.529176225921116099e-18
9.853240578178934811e+03 1.902232225942042709e-17
9.858620350369579683e+03 3.919192827671169527e-17
9.864000122560224554e+03 3.458345707371974988e-17
9.869379894750869425e+03 2.882601589125342461e-17
9.874759666941514297e+03 2.022407375820553567e-17
9.880139439132159168e+03 7.078723793952867042e-18
9.885519211322804040e+03 9.199829033906690636e-18
9.890898983513448911e+03 1.686991156938564725e-17
9.896278755704093783e+03 1.782415473890293458e-17
9.901658527894738654e+03 1.730318230184397597e-17
9.907038300085383526e+03 9.547465772569981114e-18
9.912418072276028397e+03 9.697172274825191890e-18
9.917797844466673268e+03 1.280118619601238754e-17
9.923177616657318140e+03 3.469289282517812205e-17
9.928557388847963011e+03 3.232340374358142499e-17
9.933937161038607883e+03 1.133785200203569938e-17
9.939316933229252754e+03 9.112481738228599757e-18
9.944696705419897626e+03 7.942609900915723178e-18
9.950076477610542497e+03 1.213194867618192308e-17
9.955456249801187369e+03 1.356039430894043202e-17
9.960836021991832240e+03 1.229387673885812310e-17
9.966215794182477111e+03 7.399640480409931876e-18
9.971595566373121983e+03 1.310166990423093274e-17
9.976975338563766854e+03 1.354455844499749516e-17
9.982355110754411726e+03 1.198408506075981764e-17
9.987734882945056597e+03 1.278539222668512282e-17
9.993114655135701469e+03 1.104042670901252749e-17
9.998494427326346340e+03 1.219834403522860453e-17
1.000387419951699121e+04 1.248340906625080024e-17
1.000925397170763608e+04 2.486399531340702715e-17
1.001463374389828095e+04 2.875939523034542045e-17
1.002001351608892583e+04 8.976663582088483182e-18
1.002539328827957070e+04 5.947027226878869939e-18
1.003077306047021557e+04 1.525932799283731435e-17
1.003615283266086044e+04 2.148027201467903688e-17
1.004153260485150531e+04 1.648605301625690435e-17
1.004691237704215018e+04 7.092374732022205584e-18
1.005229214923279505e+04 9.212173765199674366e-18
1.005767192142343993e+04 1.468983568837021029e-17
1.006305169361408480e+04 1.379644605341679088e-17
1.006843146580472967e+04 1.395988514787250551e-17
1.007381123799537454e+04 1.097501532604793348e-17
1.007919101018601941e+04 6.834650331434197858e-18
1.008457078237666428e+04 1.178796976381106831e-17
1.008995055456730915e+04 1.371732042034344217e-17
1.009533032675795403e+04 1.540893621416712519e-17
1.010071009894859890e+04 1.322645344441228774e-17
1.010608987113924377e+04 1.259670078124711574e-17
1.011146964332988864e+04 5.171529900167023718e-18
1.011684941552053351e+04 4.621958573393023989e-18
1.012222918771117838e+04 5.277503247323834244e-18
1.012760895990182325e+04 6.664590595288509372e-18
1.013298873209246813e+04 8.068122745625837452e-18
1.013836850428311300e+04 7.605135178016078600e-18
1.014374827647375787e+04 1.049444488895552453e-17
1.014912804866440274e+04 1.006864059534514943e-17
1.015450782085504761e+04 1.129132781412936346e-17
1.015988759304569248e+04 1.137743068357492663e-17
1.016526736523633735e+04 8.582430772414934004e-18
1.017064713742698223e+04 1.480563527526259809e-17
1.017602690961762710e+04 1.362951295321242203e-17
1.018140668180827197e+04 7.050883992799615163e-18
1.018678645399891684e+04 1.077364334004261316e-17
1.019216622618956171e+04 1.318606155361673159e-17
1.019754599838020658e+04 1.423008416731343634e-17
1.020292577057085145e+04 9.870174191490880690e-18
1.020830554276149633e+04 7.643657873992398103e-18
1.021368531495214120e+04 8.712252862892872460e-18
1.021906508714278607e+04 1.367006459630499342e-17
1.022444485933343094e+04 1.391630701724806015e-17
1.022982463152407581e+04 1.481088590083618078e-17
1.023520440371472068e+04 1.627354684690941481e-17
1.024058417590536556e+04 1.049070996983783905e-17
1.024596394809601043e+04 8.843599677690904197e-18
1.025134372028665530e+04 1.187562929058689836e-17
1.025672349247730017e+04 1.162321791843607373e-17
1.026210326466794504e+04 5.828560737184380894e-18
1.026748303685858991e+04 9.166248199645080696e-18
1.027286280904923478e+04 9.647311083599739646e-18
1.027824258123987966e+04 7.666063079901977681e-18
1.028362235343052453e+04 1.071641158170043578e-17
1.028900212562116940e+04 1.088321128932935866e-17
1.029438189781181427e+04 9.680366465851385372e-18
1.029976167000245914e+04 1.045764931895809417e-17
1.030514144219310401e+04 8.074812990374708448e-18
1.031052121438374888e+04 6.695638288319316209e-18
1.031590098657439376e+04 1.048042593649397591e-17
1.032128075876503863e+04 1.558963443313153818e-17
1.032666053095568350e+04 1.295696303287451408e-17
1.033204030314632837e+04 8.340474385614551444e-18
1.033742007533697324e+04 8.392679601586946682e-18
1.034279984752761811e+04 1.011252970766379315e-17
1.034817961971826298e+04 5.541513548019299603e-18
1.035355939190890786e+04 1.193195741747241901e-17
1.035893916409955273e+04 1.336596126496425884e-17
1.036431893629019760e+04 1.908124478292721358e-17
1.036969870848084247e+04 2.027957204289193832e-17
