3.096594399483830330e+03 nan
3.099038821490141800e+03 nan
3.101483756930096661e+03 nan
3.103929205339857162e+03 nan
3.106375166255842487e+03 nan
3.108821639214723746e+03 nan
3.111268623753429438e+03 nan
3.113716119409139992e+03 nan
3.116164125719292315e+03 nan
3.118612642221577516e+03 2.734059334485320101e+279
3.121061668453940456e+03 2.045369987045757687e+228
3.123511203954581561e+03 1.659031306949774495e+183
3.125961248261955461e+03 3.374635090003299600e+144
3.128411800914771447e+03 1.406547457120159881e+111
3.130862861451993467e+03 3.138592912090944072e+82
3.133314429412839672e+03 1.210379295932039762e+59
3.135766504336783782e+03 5.921730283939628012e+39
3.138219085763553267e+03 1.962863599571295934e+24
3.140672173233130252e+03 1.324601091041823242e+12
3.143125766285751979e+03 5.443744403113137196e+02
3.145579864461909438e+03 1.299104390809315880e-04
3.148034467302349185e+03 4.494143946892785334e-09
3.150489574348071528e+03 4.597729212232210363e-12
3.152945185140332342e+03 1.084979831278149502e-13
3.155401299220640794e+03 3.534908266385662739e-14
3.157857916130762078e+03 1.102708600561366102e-14
3.160315035412715133e+03 1.008032180993845637e-14
3.162772656608773559e+03 8.088729148451451991e-15
3.165230779261465614e+03 5.819452871434932271e-15
3.167689402913574668e+03 6.474792799699661653e-15
3.170148527108137387e+03 7.546074592578193007e-15
3.172608151388446913e+03 5.706112472862216423e-15
3.175068275298049230e+03 1.526380834490702143e-15
3.177528898380746341e+03 1.473181910946211893e-15
3.179990020180593547e+03 4.673514130948290221e-15
3.182451640241901714e+03 2.927882727113192766e-15
3.184913758109235459e+03 6.347026426061068371e-15
3.187376373327415422e+03 1.058881524654982693e-15
3.189839485441515535e+03 1.475153081766002750e-15
3.192303093996864845e+03 3.237601286673416315e-15
3.194767198539046149e+03 3.406418357969318341e-15
3.197231798613898718e+03 1.033607110048786289e-15
3.199696893767514666e+03 2.905046294100386986e-15
3.202162483546241674e+03 1.963094573292164340e-15
3.204628567496681626e+03 2.412221539689108830e-15
3.207095145165690610e+03 1.653273201518857560e-15
3.209562216100380283e+03 9.942328680203179232e-16
3.212029779848116505e+03 1.334309764115184051e-15
3.214497835956519339e+03 7.518852510397722599e-16
3.216966383973463508e+03 1.117297342814378147e-15
3.219435423447079302e+03 1.835109628075653518e-15
3.221904953925750760e+03 1.570249507020122615e-15
3.224374974958116127e+03 1.526154407087572035e-15
3.226845486093068757e+03 1.924018896865907545e-15
3.229316486879757576e+03 7.603547363868041151e-16
3.231787976867583893e+03 1.476415169284109438e-15
3.234259955606205949e+03 6.481307012327281019e-16
3.236732422645535280e+03 4.730400327224858778e-16
3.239205377535738080e+03 8.472351253026274822e-16
3.241678819827235202e+03 6.997104330424931418e-16
3.244152749070702157e+03 1.382295157781194087e-15
3.246627164817070025e+03 4.316604350461835341e-16
3.249102066617522723e+03 4.878442541596993271e-16
3.251577454023499740e+03 5.485551346559157073e-16
3.254053326586695221e+03 7.829768178139980326e-16
3.256529683859058423e+03 5.901459004607493811e-16
3.259006525392791445e+03 5.535996983020298710e-16
3.261483850740352409e+03 4.736209516182405851e-16
3.263961659454454548e+03 8.619356149104105070e-16
3.266439951088063935e+03 2.575456280803066046e-16
3.268918725194402214e+03 9.797840792329498886e-16
3.271397981326946137e+03 7.887619301063160606e-17
3.273877719039426211e+03 4.772095305549825831e-16
3.276357937885828051e+03 1.436149053520638493e-16
3.278838637420391933e+03 3.978468492403190806e-16
3.281319817197611428e+03 7.145603227147072902e-16
3.283801476772236583e+03 8.212434552205902381e-16
3.286283615699271650e+03 4.341501766732640899e-16
3.288766233533973718e+03 4.118087190495989826e-16
3.291249329831857267e+03 5.421305494342597196e-16
3.293732904148688704e+03 3.755766215486624409e-16
3.296216956040491368e+03 4.782765551472560563e-16
3.298701485063541440e+03 2.812656843180534338e-16
3.301186490774370213e+03 4.501130499606488318e-16
3.303671972729764548e+03 3.017158938980707200e-16
3.306157930486764144e+03 4.113735475909409887e-16
3.308644363602664725e+03 3.279709440648260650e-16
3.311131271635016219e+03 2.634522841800458998e-16
3.313618654141623210e+03 4.536076925165891633e-16
3.316106510680544034e+03 2.659395115259573769e-16
3.318594840810093046e+03 3.826851258061802008e-16
3.321083644088838355e+03 3.898311537185180949e-16
3.323572920075602724e+03 5.181205110805056739e-16
3.326062668329464032e+03 4.842196819073360647e-16
3.328552888409753450e+03 2.906270510276981485e-16
3.331043579876058175e+03 1.507537391285526070e-16
3.333534742288220059e+03 1.013242438118191344e-16
3.336026375206333796e+03 2.224504880400498436e-16
3.338518478190751011e+03 3.258124784723556322e-16
3.341011050802075715e+03 4.150074983309324545e-16
3.343504092601168395e+03 2.595376740010451200e-16
3.345997603149143288e+03 1.027184431621851700e-16
3.348491582007368379e+03 3.634957796284018548e-16
3.350986028737468587e+03 2.467038069326623798e-16
3.353480942901320759e+03 3.141637349693296097e-16
3.355976324061058222e+03 1.444997904002011126e-16
3.358472171779068503e+03 2.195681999623406825e-16
3.360968485617992883e+03 2.481979495791037022e-16
3.363465265140727752e+03 2.275685473310429874e-16
3.365962509910425069e+03 2.370092034927686551e-16
3.368460219490489635e+03 3.537342024300168100e-16
3.370958393444582271e+03 2.243510646146593378e-16
3.373457031336618002e+03 1.364833376879072017e-16
3.375956132730766058e+03 3.406885800344863161e-16
3.378455697191450326e+03 2.358766544170499445e-16
3.380955724283350264e+03 3.764687605741106403e-16
3.383456213571398166e+03 1.718848948694309730e-16
3.385957164620782805e+03 1.735074638056633284e-16
3.388458576996946704e+03 3.128384368613712018e-16
3.390960450265586132e+03 2.321184188132094046e-16
3.393462783992653840e+03 3.649070323190070958e-16
3.395965577744355414e+03 1.772101362558715404e-16
3.398468831087152466e+03 2.705716802836641953e-16
3.400972543587759901e+03 2.780881279218694907e-16
3.403476714813147737e+03 2.419871083543886143e-16
3.405981344330541560e+03 1.918661630606500032e-16
3.408486431707419797e+03 2.622244537607831723e-16
3.410991976511517350e+03 4.137496529856773097e-17
3.413497978310821509e+03 4.048915117802962939e-16
3.416004436673576492e+03 2.405230047683153119e-16
3.418511351168279816e+03 1.666459729102964585e-16
3.421018721363683653e+03 1.283937961736875273e-16
3.423526546828794835e+03 1.664883881254755242e-16
3.426034827132875307e+03 2.305536374924018446e-16
3.428543561845440763e+03 9.268660671030968429e-17
3.431052750536262465e+03 1.988653147744019484e-16
3.433562392775364970e+03 1.560982532830716093e-16
3.436072488133029310e+03 6.473083919886668983e-17
3.438583036179789360e+03 1.461942899101856041e-16
3.441094036486434561e+03 1.100874000135568013e-16
3.443605488624008558e+03 1.116193227715740698e-16
3.446117392163809654e+03 1.439821848261007171e-16
3.448629746677390813e+03 7.397642687094659699e-17
3.451142551736559653e+03 1.265704270575997546e-16
3.453655806913378910e+03 1.600774817077041623e-16
3.456169511780164612e+03 1.799373831935642637e-16
3.458683665909487900e+03 1.444661377954360402e-16
3.461198268874175938e+03 1.228748204152646465e-16
3.463713320247308275e+03 1.222015103797070965e-16
3.466228819602220483e+03 8.771665117259732291e-17
3.468744766512502338e+03 8.516291454338772715e-17
3.471261160551998273e+03 9.135045153289290430e-17
3.473778001294807382e+03 4.343237428563589695e-17
3.476295288315282960e+03 1.562730354696096552e-16
3.478813021188033417e+03 1.185140709522269569e-16
3.481331199487921367e+03 5.946676216156619692e-17
3.483849822790064536e+03 5.208909260696396379e-17
3.486368890669834400e+03 1.276578990281777430e-16
3.488888402702858457e+03 9.361666551366077783e-17
3.491408358465017045e+03 1.291157909973304742e-16
3.493928757532446525e+03 1.456568081087346171e-16
3.496449599481537007e+03 1.099442293495206881e-16
3.498970883888933258e+03 1.302471485883798708e-16
3.501492610331535616e+03 1.424979537388983081e-16
3.504014778386497710e+03 3.190668503324408023e-17
3.506537387631228739e+03 8.947295376593465803e-17
3.509060437643392106e+03 9.327525118970052128e-17
3.511583928000905871e+03 1.007358977905591874e-16
3.514107858281941844e+03 1.021779464105649738e-16
3.516632228064928313e+03 1.412854744664008763e-16
3.519157036928546859e+03 6.257194322746498944e-17
3.521682284451733722e+03 1.159722036697650181e-16
3.524207970213679801e+03 1.040707607675088014e-16
3.526734093793831107e+03 8.940105481153891411e-17
3.529260654771887857e+03 7.601935114885873243e-17
3.531787652727804470e+03 1.064066877663321421e-16
3.534315087241790934e+03 5.218963284082297408e-17
3.536842957894310985e+03 6.579827202464847402e-17
3.539371264266083017e+03 4.893501477404340700e-17
3.541900005938080994e+03 5.417852731201426132e-17
3.544429182491532174e+03 9.436959879991425314e-17
3.546958793507919381e+03 5.146324285972223429e-17
3.549488838568979645e+03 8.686446402290817339e-17
3.552019317256704198e+03 3.102677825240996915e-17
3.554550229153339842e+03 9.669765750420948624e-17
3.557081573841387126e+03 7.416040016426229555e-17
3.559613350903601713e+03 9.719554677628038813e-17
3.562145559922993925e+03 3.686249222728269684e-17
3.564678200482827833e+03 8.448077918527674775e-17
3.567211272166622621e+03 5.182083606694432823e-17
3.569744774558153040e+03 7.949565765173421792e-17
3.572278707241446682e+03 4.208682773631078582e-17
3.574813069800787162e+03 3.954373842316426742e-17
3.577347861820712296e+03 9.723847132236665560e-17
3.579883082886013653e+03 5.627210416773497275e-17
3.582418732581738823e+03 8.914484887901817109e-17
3.584954810493189143e+03 1.013363048222897645e-16
3.587491316205920157e+03 7.971720196912209096e-17
3.590028249305743429e+03 8.190778643042376774e-17
3.592565609378723821e+03 5.713315437098658633e-17
3.595103396011181303e+03 5.493041797950514308e-17
3.597641608789690054e+03 5.885292063901092306e-17
3.600180247301079362e+03 6.755060521619346711e-17
3.602719311132433631e+03 4.258194256367308201e-17
3.605258799871090105e+03 6.605840406165495640e-17
3.607798713104642502e+03 4.718678707321837541e-17
3.610339050420937383e+03 4.852585682685345551e-17
3.612879811408078240e+03 4.641345837678872715e-17
3.615420995654420494e+03 5.556503464764856176e-17
3.617962602748576501e+03 1.203326982912224169e-16
3.620504632279410998e+03 8.107152936078386337e-17
3.623047083836045658e+03 6.488011332640697233e-17
3.625589957007854991e+03 5.599067085697536023e-17
3.628133251384469077e+03 1.099668717271157578e-16
3.630676966555772196e+03 6.499843903998060332e-17
3.633221102111902837e+03 8.254519614067104722e-17
3.635765657643255054e+03 4.464146220183604776e-17
3.638310632740476649e+03 8.117474537710610987e-17
3.640856026994470540e+03 4.260558099087875806e-17
3.643401839996393846e+03 2.863536834262148997e-17
3.645948071337658803e+03 5.553050268802325419e-17
3.648494720609931846e+03 6.477300334491814224e-17
3.651041787405134528e+03 5.151557891280906210e-17
3.653589271315441692e+03 6.540719412389021488e-17
3.656137171933284662e+03 5.544782362503286209e-17
3.658685488851347145e+03 4.828324479159568166e-17
3.661234221662570235e+03 6.139516322431793796e-17
3.663783369960146956e+03 2.405493609067620909e-17
3.666332933337526811e+03 4.527788181285768423e-17
3.668882911388412595e+03 7.780948289680473481e-17
3.671433303706762672e+03 3.225570947940385642e-17
3.673984109886789156e+03 4.726127166170602762e-17
3.676535329522959728e+03 5.863027685926182075e-17
3.679086962209995818e+03 7.270343157893729891e-17
3.681639007542873969e+03 8.661941259387067367e-17
3.684191465116824929e+03 3.739625395921074168e-17
3.686744334527334559e+03 4.006042955834773642e-17
3.689297615370142921e+03 4.205101208813284014e-17
3.691851307241245195e+03 7.729686154250886378e-17
3.694405409736889851e+03 3.606460415302324097e-17
3.696959922453581839e+03 7.011817854645065304e-17
3.699514844988078949e+03 2.181924421291768009e-17
3.702070176937394990e+03 5.151059598344839437e-17
3.704625917898797525e+03 6.145492682081745166e-17
3.707182067469809226e+03 4.243731789665316819e-17
3.709738625248206517e+03 4.948861080803426969e-17
3.712295590832021389e+03 4.157621220311095337e-17
3.714852963819539582e+03 4.305363541937794156e-17
3.717410743809302858e+03 3.206216870101043255e-17
3.719968930400105819e+03 2.785514753698528411e-17
3.722527523190998636e+03 2.371214264716945638e-17
3.725086521781286137e+03 3.121807111454915066e-17
3.727645925770527356e+03 3.781958811072619442e-17
3.730205734758535982e+03 3.485613072651992238e-17
3.732765948345380821e+03 2.857042487542600582e-17
3.735326566131384425e+03 3.271787212290143100e-17
3.737887587717124916e+03 3.450881814701434904e-17
3.740449012703434164e+03 2.240291343526545010e-17
3.743010840691399153e+03 3.179966687018106922e-17
3.745573071282361525e+03 1.945960754846476311e-17
3.748135704077916671e+03 3.059972496503818458e-17
3.750698738679916005e+03 5.457315045146868746e-17
3.753262174690464235e+03 5.990376390648091177e-17
3.755826011711921183e+03 2.363354060653372942e-17
3.758390249346901328e+03 2.628212796149518611e-17
3.760954887198274264e+03 3.457280919885271522e-17
3.763519924869162878e+03 3.326257164542958451e-17
3.766085361962946081e+03 1.806178637998063277e-17
3.768651198083255622e+03 1.699901337745239873e-17
3.771217432833980638e+03 3.108973411019780473e-17
3.773784065819261741e+03 1.163564090779450611e-17
3.776351096643496476e+03 5.760847510412767156e-17
3.778918524911335680e+03 4.136058578900568092e-17
3.781486350227684852e+03 2.328175548310289657e-17
3.784054572197705056e+03 2.944228546129755594e-17
3.786623190426811561e+03 3.020411669067363403e-17
3.789192204520673386e+03 4.976372539545081472e-17
3.791761614085215115e+03 5.368365248440638897e-17
3.794331418726615539e+03 2.934300344756751792e-17
3.796901618051308560e+03 3.783694178297945964e-17
3.799472211665981376e+03 2.628838907508812918e-17
3.802043199177577208e+03 2.199273857783583524e-17
3.804614580193293477e+03 4.115047126210946682e-17
3.807186354320581813e+03 2.623377359808598160e-17
3.809758521167148956e+03 3.097124276917418031e-17
3.812331080340955396e+03 3.765660852211217800e-17
3.814904031450217644e+03 1.767075174857665770e-17
3.817477374103405509e+03 2.219340137105828085e-17
3.820051107909243910e+03 3.383132967874870420e-17
3.822625232476711972e+03 1.877384155165610503e-17
3.825199747415044840e+03 4.010914259773895431e-17
3.827774652333730046e+03 3.561442085413284044e-17
3.830349946842512054e+03 1.561313246009747646e-17
3.832925630551387712e+03 3.352777717605744846e-17
3.835501703070610347e+03 4.524457920768868277e-17
3.838078164010686123e+03 2.263659606606932931e-17
3.840655012982378139e+03 1.582161896088048690e-17
3.843232249596700967e+03 1.363592131517049030e-17
3.845809873464927023e+03 2.044269129637361191e-17
3.848387884198581105e+03 1.841033450041759466e-17
3.850966281409443582e+03 2.661388187530997918e-17
3.853545064709549024e+03 3.097082299017798959e-17
3.856124233711186662e+03 2.000935074818505579e-17
3.858703788026900838e+03 2.368057142426389985e-17
3.861283727269489646e+03 1.596362032313237488e-17
3.863864051052006289e+03 1.548192721956574956e-17
3.866444758987759087e+03 3.468319378898325804e-17
3.869025850690309198e+03 1.650511622383214974e-17
3.871607325773474713e+03 1.474088828462300637e-17
3.874189183851326561e+03 3.423770915630646001e-17
3.876771424538190786e+03 2.431596595661711559e-17
3.879354047448648998e+03 3.422344854705294706e-17
3.881937052197535195e+03 9.971795343528457468e-18
3.884520438399940758e+03 1.100890150787345744e-17
3.887104205671209002e+03 3.801646517814728845e-17
3.889688353626939715e+03 2.373979505888058254e-17
3.892272881882986894e+03 2.762119285524109125e-17
3.894857790055458281e+03 2.677332577162928416e-17
3.897443077760717188e+03 3.032234428898485228e-17
3.900028744615381129e+03 1.898254873520775427e-17
3.902614790236321824e+03 1.764148339709035320e-17
3.905201214240667014e+03 3.638544320833253477e-17
3.907788016245797280e+03 3.285921758423976740e-17
3.910375195869349227e+03 3.440417688136829092e-17
3.912962752729212298e+03 1.701691001453362403e-17
3.915550686443532868e+03 4.027352466231119606e-17
3.918138996630710153e+03 1.533376797324512089e-17
3.920727682909398936e+03 2.233442726568576238e-17
3.923316744898507295e+03 1.933391818267478696e-17
3.925906182217199785e+03 4.572638225638306049e-17
3.928495994484894254e+03 1.331301291366190544e-17
3.931086181321263211e+03 2.440581895874950949e-17
3.933676742346234278e+03 1.373623450058115500e-17
3.936267677179989732e+03 2.435601244253049054e-17
3.938858985442965604e+03 2.407076292879922447e-17
3.941450666755853490e+03 3.594411602603660487e-17
3.944042720739599190e+03 3.169154035312918710e-17
3.946635147015403163e+03 1.923896850835463924e-17
3.949227945204720072e+03 1.182742140224121528e-17
3.951821114929259693e+03 3.515222755133151932e-17
3.954414655810986005e+03 1.983680347563579645e-17
3.957008567472118557e+03 3.119543146988167474e-17
3.959602849535129735e+03 2.343571952083177786e-17
3.962197501622748405e+03 1.174235293256820202e-17
3.964792523357956725e+03 4.446644938149932920e-17
3.967387914363992422e+03 1.485335194990761004e-17
3.969983674264346519e+03 2.271835962632904330e-17
3.972579802682766058e+03 1.553754784306329700e-17
3.975176299243251378e+03 1.734269985078958769e-17
3.977773163570059296e+03 1.975719459728827902e-17
3.980370395287699012e+03 2.199843004592600815e-17
3.982967994020935748e+03 3.103577577671934135e-17
3.985565959394788933e+03 2.647480828013194254e-17
3.988164291034532653e+03 2.583754680818119705e-17
3.990762988565695196e+03 1.483985320182634375e-17
3.993362051614059965e+03 2.697040565913523003e-17
3.995961479805665476e+03 2.836575402685013643e-17
3.998561272766803086e+03 1.788490297132365458e-17
4.001161430124020626e+03 3.702375790735154137e-17
4.003761951504119224e+03 1.854980924284170840e-17
4.006362836534155576e+03 3.090120791531622175e-17
4.008964084841440126e+03 2.996738350666707110e-17
4.011565696053538886e+03 2.821393668446524849e-17
4.014167669798271163e+03 2.530518337929070557e-17
4.016770005703712286e+03 2.393114268997618158e-17
4.019372703398191334e+03 1.778395576541341603e-17
4.021975762510292043e+03 2.758354746835065583e-17
4.024579182668852809e+03 2.791636426549311544e-17
4.027182963502967141e+03 2.003422349001588456e-17
4.029787104641982296e+03 2.454868027245754976e-17
4.032391605715500191e+03 3.863108107826532104e-17
4.034996466353378764e+03 2.882035406478249830e-17
4.037601686185728795e+03 2.894780108384772098e-17
4.040207264842916175e+03 2.534310237029461012e-17
4.042813201955562363e+03 3.268561484689496814e-17
4.045419497154541659e+03 3.010898995754150394e-17
4.048026150070984841e+03 2.777988649337330882e-17
4.050633160336275523e+03 3.682815082186130419e-17
4.053240527582053801e+03 1.837657291468942685e-17
4.055848251440212607e+03 2.263303114546774891e-17
4.058456331542900443e+03 2.650449729899677446e-17
4.061064767522520469e+03 3.865016031904271880e-17
4.063673559011729594e+03 2.509878586063375421e-17
4.066282705643440750e+03 1.951602937077422400e-17
4.068892207050819707e+03 3.080396281597607639e-17
4.071502062867288714e+03 2.217179708977364760e-17
4.074112272726522860e+03 1.799351526650419472e-17
4.076722836262453256e+03 2.085629283353315512e-17
4.079333753109264762e+03 2.024835994669052909e-17
4.081945022901396896e+03 2.667913847340021013e-17
4.084556645273544291e+03 1.994966216759702869e-17
4.087168619860655781e+03 1.621624316336770765e-17
4.089780946297934861e+03 8.942596755882822481e-18
4.092393624220839683e+03 2.197851923082799375e-17
4.095006653265083060e+03 3.250812568957969318e-17
4.097620033066632459e+03 2.566867722383614805e-17
4.100233763261709100e+03 2.734485193214776120e-17
4.102847843486789316e+03 2.396904857499938625e-17
4.105462273378605460e+03 2.028788366007809165e-17
4.108077052574143636e+03 2.497352725499640137e-17
4.110692180710642788e+03 2.594742194851915261e-17
4.113307657425597426e+03 1.350173726594136615e-17
4.115923482356758541e+03 2.336753928761306474e-17
4.118539655142129959e+03 3.524232316043046241e-17
4.121156175419970168e+03 2.541834045885241049e-17
4.123773042828792313e+03 3.424878243937668575e-17
4.126390257007365108e+03 4.565789831296697992e-17
4.129007817594711014e+03 2.401535256968689557e-17
4.131625724230105334e+03 1.602037123401042469e-17
4.134243976553081666e+03 2.992068697710240934e-17
4.136862574203427357e+03 1.988746144587862394e-17
4.139481516821180776e+03 3.184863634183700006e-17
4.142100804046638586e+03 2.603948969746403692e-17
4.144720435520351202e+03 3.076365212415521040e-17
4.147340410883123695e+03 2.791966126844128021e-17
4.149960729776014887e+03 2.771694836339752326e-17
4.152581391840338256e+03 1.781512197522949189e-17
4.155202396717663760e+03 2.538891784209677506e-17
4.157823744049813286e+03 2.242673335237566022e-17
4.160445433478865198e+03 3.065912802140447943e-17
4.163067464647152519e+03 2.485964586426708782e-17
4.165689837197261113e+03 2.553089367274060059e-17
4.168312550772032409e+03 2.909733331386911511e-17
4.170935605014563407e+03 2.753807380748502290e-17
4.173558999568205763e+03 2.836315660160284777e-17
4.176182734076563065e+03 1.707349195526862089e-17
4.178806808183495377e+03 2.688377432375010149e-17
4.181431221533119242e+03 1.117776268832404877e-17
4.184055973769801312e+03 1.844336386454989617e-17
4.186681064538167448e+03 1.847608052560875549e-17
4.189306493483094528e+03 1.973547285512326072e-17
4.191932260249716819e+03 3.190649026652204397e-17
4.194558364483421428e+03 1.841120455110025358e-17
4.197184805829851030e+03 2.507112753323832170e-17
4.199811583934901137e+03 3.200458477056760452e-17
4.202438698444724650e+03 2.467222215364003094e-17
4.205066149005726402e+03 3.526329532139303569e-17
4.207693935264567699e+03 2.960088700724538501e-17
4.210322056868163600e+03 2.009227309587507125e-17
4.212950513463683819e+03 2.592692662314287026e-17
4.215579304698552733e+03 2.412756950166356248e-17
4.218208430220449372e+03 1.848485212848210043e-17
4.220837889677308340e+03 1.912706974027364493e-17
4.223467682717317075e+03 1.784041165954464596e-17
4.226097808988917677e+03 2.085721830762287733e-17
4.228728268140808723e+03 2.044871972379724436e-17
4.231359059821941628e+03 2.356986978008673603e-17
4.233990183681522467e+03 1.807441226592136904e-17
4.236621639369014702e+03 1.132160358330967940e-17
4.239253426534131904e+03 1.813493679350693680e-17
4.241885544826845944e+03 3.080585621911014414e-17
4.244517993897380620e+03 2.413096331753985360e-17
4.247150773396217119e+03 2.270799389669324671e-17
4.249783882974087646e+03 2.069191113369017050e-17
4.252417322281982706e+03 2.362312790493249308e-17
4.255051090971146550e+03 2.221709861642999647e-17
4.257685188693074451e+03 1.886046911262942509e-17
4.260319615099520888e+03 2.413669310100524874e-17
4.262954369842493179e+03 3.595972893153045516e-17
4.265589452574252391e+03 2.367177530291954824e-17
4.268224862947316069e+03 2.295046792297069847e-17
4.270860600614454597e+03 2.002816214981872162e-17
4.273496665228693018e+03 2.448344685722914654e-17
4.276133056443313762e+03 2.468398977549879685e-17
4.278769773911849370e+03 2.175886685590247137e-17
4.281406817288089769e+03 2.451574828052190318e-17
4.284044186226080456e+03 1.971276205208985881e-17
4.286681880380118855e+03 1.645224818819685196e-17
4.289319899404757962e+03 3.102346206761751898e-17
4.291958242954807247e+03 3.206310583284260538e-17
4.294596910685327202e+03 9.409664931069978361e-18
4.297235902251636617e+03 1.572272385977898587e-17
4.299875217309307118e+03 1.650006686884841675e-17
4.302514855514163173e+03 2.949009098543662593e-17
4.305154816522287547e+03 1.540128925464138418e-17
4.307795099990014933e+03 2.349529573045106095e-17
4.310435705573936502e+03 2.518079384540201722e-17
4.313076632930895357e+03 2.343195630364795417e-17
4.315717881717991077e+03 1.655680385073328561e-17
4.318359451592578807e+03 1.658600610214556606e-17
4.321001342212265627e+03 2.304938572110329361e-17
4.323643553234915998e+03 2.041685788522256566e-17
4.326286084318646317e+03 2.001638628452959451e-17
4.328928935121830364e+03 6.135270540844170625e-18
4.331572105303093849e+03 1.875294801020604768e-17
4.334215594521318053e+03 2.079754897222431195e-17
4.336859402435640732e+03 1.240439501677309584e-17
4.339503528705451572e+03 2.149638893663485858e-17
4.342147972990394919e+03 2.190103275853719429e-17
4.344792734950373415e+03 1.565452264335044936e-17
4.347437814245538902e+03 1.324988341576854970e-17
4.350083210536301522e+03 1.629454454516551900e-17
4.352728923483325161e+03 2.101555649617763125e-17
4.355374952747528368e+03 1.388771483261948472e-17
4.358021297990083440e+03 1.679755935845646389e-17
4.360667958872418239e+03 2.043861536225652216e-17
4.363314935056215290e+03 2.329676786651302611e-17
4.365962226203410864e+03 2.426004994179834681e-17
4.368609831976196801e+03 1.636489858841126531e-17
4.371257752037017781e+03 1.472539629018158330e-17
4.373905986048575869e+03 1.914839561463013041e-17
4.376554533673825063e+03 2.326600090819825385e-17
4.379203394575976745e+03 3.071899035963712598e-17
4.381852568418493320e+03 1.696794509354686865e-17
4.384502054865095488e+03 1.421205830577549743e-17
4.387151853579755880e+03 2.149542533302861565e-17
4.389801964226702694e+03 2.203644314287156603e-17
4.392452386470417878e+03 2.797312555941399905e-17
4.395103119975640766e+03 1.751830954855187212e-17
4.397754164407361714e+03 1.435234284299196256e-17
4.400405519430828463e+03 2.431538905350241709e-17
4.403057184711541595e+03 2.008247783963059225e-17
4.405709159915256350e+03 2.663354488111920437e-17
4.408361444707984447e+03 2.265964605320657713e-17
4.411014038755989532e+03 2.238610079038586102e-17
4.413666941725792640e+03 2.059644682982202848e-17
4.416320153284165826e+03 1.004383126584253275e-17
4.418973673098140353e+03 1.648658443866681845e-17
4.421627500834997591e+03 1.455857048849401867e-17
4.424281636162277209e+03 1.933935364851341390e-17
4.426936078747770807e+03 1.702824728351332467e-17
4.429590828259524642e+03 3.157333816769842523e-17
4.432245884365843267e+03 1.095954058154733935e-17
4.434901246735280438e+03 1.739508997275265753e-17
4.437556915036648206e+03 1.521167673397171064e-17
4.440212888939013283e+03 2.302933500284821415e-17
4.442869168111694307e+03 1.662429078961176260e-17
4.445525752224265489e+03 2.175630330107598942e-17
4.448182640946558422e+03 1.957327797427185820e-17
4.450839833948655723e+03 1.436284484446884638e-17
4.453497330900896486e+03 2.243260272070604794e-17
4.456155131473873553e+03 2.525666110604906247e-17
4.458813235338435334e+03 2.308451203581378073e-17
4.461471642165683988e+03 2.549259941071268493e-17
4.464130351626976335e+03 2.297807476211505678e-17
4.466789363393923850e+03 1.748896647279788977e-17
4.469448677138393577e+03 2.447934045257557891e-17
4.472108292532505402e+03 2.128685738476847014e-17
4.474768209248635685e+03 1.703947526484491959e-17
4.477428426959413628e+03 1.519736761046253953e-17
4.480088945337724908e+03 1.498714671607796810e-17
4.482749764056707136e+03 1.846003317207640446e-17
4.485410882789756215e+03 2.063053179994017314e-17
4.488072301210519072e+03 3.013170862665010625e-17
4.490734018992898200e+03 2.795800913260527067e-17
4.493396035811053480e+03 1.684508983579712201e-17
4.496058351339395813e+03 3.039189279772640766e-17
4.498720965252592578e+03 1.574444705009566668e-17
4.501383877225563992e+03 2.400315205654007141e-17
4.504047086933487662e+03 1.744433903533989611e-17
4.506710594051793123e+03 1.187919920351563768e-17
4.509374398256166387e+03 1.720227916031654017e-17
4.512038499222547216e+03 1.702188012637083398e-17
4.514702896627130031e+03 2.704864086600339898e-17
4.517367590146363909e+03 1.592224749334543501e-17
4.520032579456951680e+03 2.783502761322308090e-17
4.522697864235853558e+03 1.978379200614714496e-17
4.525363444160280778e+03 2.092586865331871425e-17
4.528029318907700144e+03 2.096616350863660972e-17
4.530695488155835847e+03 1.899680294326838139e-17
4.533361951582664005e+03 1.527146426231597542e-17
4.536028708866415400e+03 1.865110634104412545e-17
4.538695759685575467e+03 1.172649560996766610e-17
4.541363103718886123e+03 1.165181544933786357e-17
4.544030740645341211e+03 1.371359729875025364e-17
4.546698670144191055e+03 8.989873715688911244e-18
4.549366891894939727e+03 1.762793338058040560e-17
4.552035405577345955e+03 1.621593567173942303e-17
4.554704210871423129e+03 1.952404258456896160e-17
4.557373307457440205e+03 1.255670577681006212e-17
4.560042695015919890e+03 1.561156021433958356e-17
4.562712373227637727e+03 1.401566244791816649e-17
4.565382341773627559e+03 1.482783900278721969e-17
4.568052600335176066e+03 2.147424673485674334e-17
4.570723148593822771e+03 1.496790596230672725e-17
4.573393986231363670e+03 1.354044062639999969e-17
4.576065112929851239e+03 2.026721360296183401e-17
4.578736528371587156e+03 1.996926044375249698e-17
4.581408232239133213e+03 1.613436798761606674e-17
4.584080224215303133e+03 1.666734661370760372e-17
4.586752503983165298e+03 2.173459754941912698e-17
4.589425071226042746e+03 2.078902796320378750e-17
4.592097925627514087e+03 2.632780961037272188e-17
4.594771066871411676e+03 2.511191773060678970e-17
4.597444494641822530e+03 1.600984936728000967e-17
4.600118208623088321e+03 1.557268321787975913e-17
4.602792208499805383e+03 1.858552848948430789e-17
4.605466493956824706e+03 2.030763148407356751e-17
4.608141064679252850e+03 2.105414050708062346e-17
4.610815920352448302e+03 1.984200488584107137e-17
4.613491060662026939e+03 2.695301956787485907e-17
4.616166485293857477e+03 2.113323562795185346e-17
4.618842193934064198e+03 2.553893619488203448e-17
4.621518186269026046e+03 2.516544734132399166e-17
4.624194461985374801e+03 2.161359616090886682e-17
4.626871020770000541e+03 1.785705423479330696e-17
4.629547862310043456e+03 2.207594599043906171e-17
4.632224986292901121e+03 2.303793836625825103e-17
4.634902392406225772e+03 2.351966815502437508e-17
4.637580080337923391e+03 3.171390311939357925e-17
4.640258049776153712e+03 2.339646665145677833e-17
4.642936300409333853e+03 2.133510191983432663e-17
4.645614831926131956e+03 2.373727388503717830e-17
4.648293644015474456e+03 2.492233433946368230e-17
4.650972736366538811e+03 3.522128950122540957e-17
4.653652108668759865e+03 2.522483718598638956e-17
4.656331760611826212e+03 3.209204233922115882e-17
4.659011691885680193e+03 2.889714347984860023e-17
4.661691902180518809e+03 2.928881658139402701e-17
4.664372391186795539e+03 3.282915999115338606e-17
4.667053158595217610e+03 2.513835999888437167e-17
4.669734204096744179e+03 3.786831249607848139e-17
4.672415527382592700e+03 3.400836452358282845e-17
4.675097128144234375e+03 2.637122567357381628e-17
4.677779006073393248e+03 3.897001709961038560e-17
4.680461160862049837e+03 2.510519296215743318e-17
4.683143592202437503e+03 2.726252935202713983e-17
4.685826299787046992e+03 3.268746817862095336e-17
4.688509283308620070e+03 3.486018328372684943e-17
4.691192542460156801e+03 3.513595926064402657e-17
4.693876076934908269e+03 3.338971316143966183e-17
4.696559886426382946e+03 3.633957046060361168e-17
4.699243970628343050e+03 3.645082319147266072e-17
4.701928329234804551e+03 3.239196646566069073e-17
4.704612961940038986e+03 4.032452261819201001e-17
4.707297868438571641e+03 3.035322630046585521e-17
4.709983048425183370e+03 2.907849656587293697e-17
4.712668501594909685e+03 3.455569294069626955e-17
4.715354227643039849e+03 2.636918497871833185e-17
4.718040226265117781e+03 3.584973179021468902e-17
4.720726497156942969e+03 3.702219601995870682e-17
4.723413040014567741e+03 3.711681933579670601e-17
4.726099854534301812e+03 3.876562513943822598e-17
4.728786940412706826e+03 3.121886194406531486e-17
4.731474297346599087e+03 3.582150595731883189e-17
4.734161925033052285e+03 4.205607747109699632e-17
4.736849823169392039e+03 2.909098250990234634e-17
4.739537991453199538e+03 4.374514401067328196e-17
4.742226429582309720e+03 2.852821149893416134e-17
4.744915137254813999e+03 3.622692951685139979e-17
4.747604114169056629e+03 4.086930097561127709e-17
4.750293360023637433e+03 4.160777662986650820e-17
4.752982874517409073e+03 4.280310693665665520e-17
4.755672657349482506e+03 3.319097837201897283e-17
4.758362708219219712e+03 2.792217958411531156e-17
4.761053026826238238e+03 3.720632947568340189e-17
4.763743612870412107e+03 3.783918672657223434e-17
4.766434466051866366e+03 3.831174106721581410e-17
4.769125586070983445e+03 4.300691895429503879e-17
4.771816972628400435e+03 2.981403022520904580e-17
4.774508625425007267e+03 2.643601240524128641e-17
4.777200544161950347e+03 3.884401042257221381e-17
4.779892728540628923e+03 3.048740075184032549e-17
4.782585178262697809e+03 4.008762913577127766e-17
4.785277893030066480e+03 2.805738467714263488e-17
4.787970872544899976e+03 2.789534947573067834e-17
4.790664116509614360e+03 3.575109353872975177e-17
4.793357624626883990e+03 3.643813700382265886e-17
4.796051396599637883e+03 3.625137721183146149e-17
4.798745432131056077e+03 3.044776391867803153e-17
4.801439730924575997e+03 3.113903407898546163e-17
4.804134292683890635e+03 3.136102169246555570e-17
4.806829117112944914e+03 3.036589026299359306e-17
4.809524203915940234e+03 3.248962543356176703e-17
4.812219552797329925e+03 2.816588334039842593e-17
4.814915163461826523e+03 2.713150791864352683e-17
4.817611035614393586e+03 3.251935162923576129e-17
4.820307168960249328e+03 4.238878831252106211e-17
4.823003563204869351e+03 3.559630940973205470e-17
4.825700218053979370e+03 3.105020530544488455e-17
4.828397133213564302e+03 2.051820713368607322e-17
4.831094308389861908e+03 3.182220858907726413e-17
4.833791743289363694e+03 2.375209766752591208e-17
4.836489437618815828e+03 2.970822167995190969e-17
4.839187391085220042e+03 3.496361564966651072e-17
4.841885603395832732e+03 2.549950324935423196e-17
4.844584074258164037e+03 2.667091002125418085e-17
4.847282803379978759e+03 1.755378938127445957e-17
4.849981790469297266e+03 2.836510213516747268e-17
4.852681035234393676e+03 1.629279365614744746e-17
4.855380537383796764e+03 2.430288939023709713e-17
4.858080296626290874e+03 2.490800501640524012e-17
4.860780312670913190e+03 2.559474242323875555e-17
4.863480585226957373e+03 1.658927295432659072e-17
4.866181114003969924e+03 2.585169782287802270e-17
4.868881898711752910e+03 3.163355229680286324e-17
4.871582939060363060e+03 2.451417828529158341e-17
4.874284234760111758e+03 2.088503502542957459e-17
4.876985785521565049e+03 2.414473930115739895e-17
4.879687591055541816e+03 2.667860463278303129e-17
4.882389651073119239e+03 2.976313430735843599e-17
4.885091965285624610e+03 2.646559770548361569e-17
4.887794533404644426e+03 1.307984086843137344e-17
4.890497355142016204e+03 2.426216973712912801e-17
4.893200430209833030e+03 2.972204018773073466e-17
4.895903758320443558e+03 1.960017346531896419e-17
4.898607339186450190e+03 2.409435163859095882e-17
4.901311172520709079e+03 2.753699494332172914e-17
4.904015258036333762e+03 2.945871674914443353e-17
4.906719595446689709e+03 2.695068135907401599e-17
4.909424184465398866e+03 1.923716686075935446e-17
4.912129024806335110e+03 2.241942148698341353e-17
4.914834116183629703e+03 2.206326585189946623e-17
4.917539458311667659e+03 3.309953899650673248e-17
4.920245050905086828e+03 3.264797458464779041e-17
4.922950893678784269e+03 2.763039435962507167e-17
4.925656986347905331e+03 2.562881324504423445e-17
4.928363328627855481e+03 2.213238013286817039e-17
4.931069920234291203e+03 2.328999999271447367e-17
4.933776760883125462e+03 2.356431520205067620e-17
4.936483850290525879e+03 1.378435412999134083e-17
4.939191188172912007e+03 1.468164505757258970e-17
4.941898774246962603e+03 1.226093515800650263e-17
4.944606608229607446e+03 1.933357047375282878e-17
4.947314689838030972e+03 2.117160838218889196e-17
4.950023018789675007e+03 2.305378346474204454e-17
4.952731594802233303e+03 2.942483407190578967e-17
4.955440417593654274e+03 2.796914932877675735e-17
4.958149486882142810e+03 1.674821415825698931e-17
4.960858802386157549e+03 3.080288156772540987e-17
4.963568363824410881e+03 3.142085274245511866e-17
4.966278170915870760e+03 3.554052712315213318e-17
4.968988223379758892e+03 2.843480365051120916e-17
4.971698520935553461e+03 2.521626368489850884e-17
4.974409063302984578e+03 2.905299499986276470e-17
4.977119850202038833e+03 1.843136266496688776e-17
4.979830881352956567e+03 2.854875342702480782e-17
4.982542156476232776e+03 2.690196997274633468e-17
4.985253675292618937e+03 2.894301400450926461e-17
4.987965437523117544e+03 2.782096530427470160e-17
4.990677442888988480e+03 2.950217953342047749e-17
4.993389691111746288e+03 2.564041037221620893e-17
4.996102181913157438e+03 2.772212832370527607e-17
4.998814915015246697e+03 2.832481179622552083e-17
5.001527890140289855e+03 2.097296229177803306e-17
5.004241107010820087e+03 2.466896318766670735e-17
5.006954565349622499e+03 2.118029562472970314e-17
5.009668264879741400e+03 1.563815300814115889e-17
5.012382205324469396e+03 1.690159357849235530e-17
5.015096386407359205e+03 1.887490859351467870e-17
5.017810807852214566e+03 2.074180974728941337e-17
5.020525469383095697e+03 1.911549211665989123e-17
5.023240370724317472e+03 2.301168428228864326e-17
5.025955511600448517e+03 2.089536247856758094e-17
5.028670891736311205e+03 2.692047748661987940e-17
5.031386510856984387e+03 1.358026757525709284e-17
5.034102368687801572e+03 2.905496756907116742e-17
5.036818464954349110e+03 2.375784633993625628e-17
5.039534799382468009e+03 2.658677205455379218e-17
5.042251371698257572e+03 2.884194478424201744e-17
5.044968181628066304e+03 2.813209558265553584e-17
5.047685228898500100e+03 2.770296646111258382e-17
5.050402513236421328e+03 2.327124155282284769e-17
5.053120034368942470e+03 1.753468069463149179e-17
5.055837792023435213e+03 2.961342787029110049e-17
5.058555785927521356e+03 1.817905779201970459e-17
5.061274015809081902e+03 1.838953430702814738e-17
5.063992481396248877e+03 2.659318380375938640e-17
5.066711182417409873e+03 3.281174932358240637e-17
5.069430118601208960e+03 2.808381960493992028e-17
5.072149289676541230e+03 3.021116175314490464e-17
5.074868695372560978e+03 3.248880288722239513e-17
5.077588335418671704e+03 3.135178153020105790e-17
5.080308209544536112e+03 3.294068378795641122e-17
5.083028317480069745e+03 2.908394532680644942e-17
5.085748658955440987e+03 3.440025011408964934e-17
5.088469233701077428e+03 4.387449262237471962e-17
5.091190041447655858e+03 3.447306466288242346e-17
5.093911081926111365e+03 4.330141744577323888e-17
5.096632354867633694e+03 3.651649064422377907e-17
5.099353860003662703e+03 4.149757478656072913e-17
5.102075597065899274e+03 4.765801780045009425e-17
5.104797565786294399e+03 3.811488226770447490e-17
5.107519765897055549e+03 3.823536392464980726e-17
5.110242197130643945e+03 4.048805363550440634e-17
5.112964859219775462e+03 4.261596501394716143e-17
5.115687751897421549e+03 3.781685574138826959e-17
5.118410874896806490e+03 3.887221443202366642e-17
5.121134227951411958e+03 3.276640855014121448e-17
5.123857810794971556e+03 3.596485738708570130e-17
5.126581623161473544e+03 3.205560873267578778e-17
5.129305664785162662e+03 4.075380425254005759e-17
5.132029935400538307e+03 2.949643869289308220e-17
5.134754434742351805e+03 3.020353044659965654e-17
5.137479162545610961e+03 2.939550712376105801e-17
5.140204118545578240e+03 2.787544630356943916e-17
5.142929302477770761e+03 2.984837761017999618e-17
5.145654714077960307e+03 3.351369650799461227e-17
5.148380353082171496e+03 3.651465453131514961e-17
5.151106219226685425e+03 2.895871716592616708e-17
5.153832312248037852e+03 3.108942518853014094e-17
5.156558631883018279e+03 1.346200291149787971e-17
5.159285177868670871e+03 2.138853055811816662e-17
5.162011949942294450e+03 2.694193074803758207e-17
5.164738947841443405e+03 2.581796337092902632e-17
5.167466171303925876e+03 2.348984285170988254e-17
5.170193620067804659e+03 2.839965657913889773e-17
5.172921293871395392e+03 2.261577498799025306e-17
5.175649192453272917e+03 2.412802628993538815e-17
5.178377315552261280e+03 3.396205337155715829e-17
5.181105662907442820e+03 3.047508662543807924e-17
5.183834234258153629e+03 2.062189458520200368e-17
5.186563029343984454e+03 2.736879909239019748e-17
5.189292047904778883e+03 2.090013958142072545e-17
5.192021289680638802e+03 2.485174099893396394e-17
5.194750754411916205e+03 1.855322510762598131e-17
5.197480441839220475e+03 1.874317992918547061e-17
5.200210351703415654e+03 3.020600600642017634e-17
5.202940483745618621e+03 2.281634189391668060e-17
5.205670837707204555e+03 3.650655358349271765e-17
5.208401413329797833e+03 1.587006228394985428e-17
5.211132210355281131e+03 2.467050048198549412e-17
5.213863228525791783e+03 3.045941651672517498e-17
5.216594467583720871e+03 2.386356251230421530e-17
5.219325927271712317e+03 3.226706580213330201e-17
5.222057607332668340e+03 2.863959252525864935e-17
5.224789507509742180e+03 2.994250848966279639e-17
5.227521627546344462e+03 2.581422360633416619e-17
5.230253967186138652e+03 3.018036771587642717e-17
5.232986526173043785e+03 3.229119635249664534e-17
5.235719304251233552e+03 3.514446375712822115e-17
5.238452301165133576e+03 3.089111349848526920e-17
5.241185516659428686e+03 2.737560468303902247e-17
5.243918950479055638e+03 3.276114530935179638e-17
5.246652602369205852e+03 2.844465043386363158e-17
5.249386472075324491e+03 2.737252866777733520e-17
5.252120559343113200e+03 3.005496845168068249e-17
5.254854863918528281e+03 3.498809220416937756e-17
5.257589385547778875e+03 3.255877608314397247e-17
5.260324123977330601e+03 2.885967551584904397e-17
5.263059078953901007e+03 3.700812504374480976e-17
5.265794250224465941e+03 3.836081009880386521e-17
5.268529637536252267e+03 2.900213421351985906e-17
5.271265240636744238e+03 3.097553510599518114e-17
5.274001059273678038e+03 3.292787828888833631e-17
5.276737093195048146e+03 3.565081449796329180e-17
5.279473342149100063e+03 2.634526719518538268e-17
5.282209805884335765e+03 2.709081425465797897e-17
5.284946484149510979e+03 4.187151592917451108e-17
5.287683376693636092e+03 3.600382129569653231e-17
5.290420483265977055e+03 3.588604909212141766e-17
5.293157803616053570e+03 2.950851199839139870e-17
5.295895337493640909e+03 2.284511684278134167e-17
5.298633084648767181e+03 3.437733590383132654e-17
5.301371044831715153e+03 3.050762368534187688e-17
5.304109217793025891e+03 3.813432974210403955e-17
5.306847603283489661e+03 4.177285209133146150e-17
5.309586201054155026e+03 4.167890087297975756e-17
5.312325010856325207e+03 4.536345591723954286e-17
5.315064032441555355e+03 2.928582604410919279e-17
5.317803265561657099e+03 3.548245815616166395e-17
5.320542709968696727e+03 3.255420985964222563e-17
5.323282365414995184e+03 3.574899584681359552e-17
5.326022231653127164e+03 3.678194884868848104e-17
5.328762308435921113e+03 4.037872557616778196e-17
5.331502595516463771e+03 3.673130957096734025e-17
5.334243092648091988e+03 4.132046805616751123e-17
5.336983799584400913e+03 4.151731699084492365e-17
5.339724716079237623e+03 3.571421291084564799e-17
5.342465841886703856e+03 3.841552055576783785e-17
5.345207176761159644e+03 4.063305370446614635e-17
5.347948720457216041e+03 4.206859915588030481e-17
5.350690472729738758e+03 4.493912199009391923e-17
5.353432433333848167e+03 3.650753749106754949e-17
5.356174602024922933e+03 3.746529999676853963e-17
5.358916978558590927e+03 2.632733007932793362e-17
5.361659562690738312e+03 3.659453801266236423e-17
5.364402354177504094e+03 2.583147785510612883e-17
5.367145352775281935e+03 3.654157340028708138e-17
5.369888558240721977e+03 4.412807381254927758e-17
5.372631970330725380e+03 3.964722149653214965e-17
5.375375588802453422e+03 4.521680344365373191e-17
5.378119413413314760e+03 4.329612225678944754e-17
5.380863443920979989e+03 5.380619750353734474e-17
5.383607680083369814e+03 5.311832134334334822e-17
5.386352121658659598e+03 3.948519806838457177e-17
5.389096768405282091e+03 4.831326865519170073e-17
5.391841620081921064e+03 3.968882063398610600e-17
5.394586676447517675e+03 3.882910387936191195e-17
5.397331937261265921e+03 4.157030139602629906e-17
5.400077402282617186e+03 4.475386853725510365e-17
5.402823071271272056e+03 5.058800850673246760e-17
5.405568943987193052e+03 4.367360668705916516e-17
5.408315020190590076e+03 4.364831970380289391e-17
5.411061299641933147e+03 4.249783121430141499e-17
5.413807782101943303e+03 5.752888259956381025e-17
5.416554467331598971e+03 4.081029220336809799e-17
5.419301355092129597e+03 4.181738660297164895e-17
5.422048445145023834e+03 4.615145097021740757e-17
5.424795737252021354e+03 5.277548555303619203e-17
5.427543231175116489e+03 4.476497295640506995e-17
5.430290926676560957e+03 5.190064218256721997e-17
5.433038823518858408e+03 4.512068350216821672e-17
5.435786921464768966e+03 4.769840159717456143e-17
5.438535220277304688e+03 4.168314647007592292e-17
5.441283719719736837e+03 4.094540080438334067e-17
5.444032419555585875e+03 4.382688613245994234e-17
5.446781319548630563e+03 5.423549081655957990e-17
5.449530419462902501e+03 3.703052323677905033e-17
5.452279719062689765e+03 3.902607926795987029e-17
5.455029218112531453e+03 4.816616244156666544e-17
5.457778916377226778e+03 5.002361697703391279e-17
5.460528813621824156e+03 5.234200226989517229e-17
5.463278909611628478e+03 4.739550411335830578e-17
5.466029204112201114e+03 4.723906408586859950e-17
5.468779696889356273e+03 5.547725900570913103e-17
5.471530387709162824e+03 4.208024995743767771e-17
5.474281276337942472e+03 6.035124624784530725e-17
5.477032362542277042e+03 4.439914963777543169e-17
5.479783646088997557e+03 4.543057477559567867e-17
5.482535126745190610e+03 3.774592798848964480e-17
5.485286804278199270e+03 4.961399359994768802e-17
5.488038678455619447e+03 4.920349415013228042e-17
5.490790749045304437e+03 4.907631941421085298e-17
5.493543015815357649e+03 4.040505888936590115e-17
5.496295478534140784e+03 4.952334450085972244e-17
5.499048136970269297e+03 5.227246968869099722e-17
5.501800990892612390e+03 4.395943743207708528e-17
5.504554040070293013e+03 4.656207022285549422e-17
5.507307284272692414e+03 5.012268518105427537e-17
5.510060723269441951e+03 5.657204991625673354e-17
5.512814356830431279e+03 6.309207811587200538e-17
5.515568184725801984e+03 5.834915693301611508e-17
5.518322206725952128e+03 4.084029901641299873e-17
5.521076422601533523e+03 4.285086384830202289e-17
5.523830832123452637e+03 4.754562307397864253e-17
5.526585435062869692e+03 5.278065372672230832e-17
5.529340231191201383e+03 5.616712019962666016e-17
5.532095220280118156e+03 5.438055771307426415e-17
5.534850402101543295e+03 4.415432802019783543e-17
5.537605776427658384e+03 3.927542933113554103e-17
5.540361343030896023e+03 5.344959805255461036e-17
5.543117101683946203e+03 5.829297571656677147e-17
5.545873052159751751e+03 4.643413584288069942e-17
5.548629194231509246e+03 5.028272104496125548e-17
5.551385527672672652e+03 4.999142694307648534e-17
5.554142052256948773e+03 4.550602912327165527e-17
5.556898767758299073e+03 5.311332066539497397e-17
5.559655673950940582e+03 4.878340538436578716e-17
5.562412770609344079e+03 4.211436324742162787e-17
5.565170057508234095e+03 4.522106986471023426e-17
5.567927534422590725e+03 3.797475089885902784e-17
5.570685201127650544e+03 3.262562949504698908e-17
5.573443057398901146e+03 3.108254656291304432e-17
5.576201103012086605e+03 5.385888521013184261e-17
5.578959337743206561e+03 3.457179679464986705e-17
5.581717761368513493e+03 4.376056961707441542e-17
5.584476373664514540e+03 3.660730526569601035e-17
5.587235174407973318e+03 4.491081039542663718e-17
5.589994163375905373e+03 5.579074586218665229e-17
5.592753340345582728e+03 3.934033857518604072e-17
5.595512705094532066e+03 3.732341135632178918e-17
5.598272257400534727e+03 4.563365591014978212e-17
5.601031997041623981e+03 4.639309931293719122e-17
5.603791923796091396e+03 4.818350957706970148e-17
5.606552037442481378e+03 4.315894191272008767e-17
5.609312337759591173e+03 4.720389939259986480e-17
5.612072824526478144e+03 3.606487890653745713e-17
5.614833497522447942e+03 4.959243277161497394e-17
5.617594356527063610e+03 4.053801744218942658e-17
5.620355401320144665e+03 3.921733564595751189e-17
5.623116631681759827e+03 3.846580238266874573e-17
5.625878047392239750e+03 3.817858333926913060e-17
5.628639648232163381e+03 3.803286465382942656e-17
5.631401433982367962e+03 4.386442842046603102e-17
5.634163404423943575e+03 4.287872414417962727e-17
5.636925559338234962e+03 4.027347476815087929e-17
5.639687898506841520e+03 4.456884697159957438e-17
5.642450421711619128e+03 3.483015514291105863e-17
5.645213128734676502e+03 4.963343433851440318e-17
5.647976019358376107e+03 4.315654901439345039e-17
5.650739093365336885e+03 4.848810189754760733e-17
5.653502350538431529e+03 4.961538832383094062e-17
5.656265790660787388e+03 5.390546339464154514e-17
5.659029413515785564e+03 4.527816004439605426e-17
5.661793218887065450e+03 4.561077259086721706e-17
5.664557206558514736e+03 4.902901828314292396e-17
5.667321376314282134e+03 4.294162791430629388e-17
5.670085727938765558e+03 4.791717068422414095e-17
5.672850261216623039e+03 4.850788946028037146e-17
5.675614975932760899e+03 4.158479388268456343e-17
5.678379871872344665e+03 4.914486869800410137e-17
5.681144948820794525e+03 5.537412664300614901e-17
5.683910206563781685e+03 3.670293679710522271e-17
5.686675644887235649e+03 4.919169598903219140e-17
5.689441263577338759e+03 4.149248879656514559e-17
5.692207062420528018e+03 3.885667693961503455e-17
5.694973041203495086e+03 4.294910221688584692e-17
5.697739199713186281e+03 5.310497572853811737e-17
5.700505537736802580e+03 4.084879918473783796e-17
5.703272055061801439e+03 3.765724929263115076e-17
5.706038751475890422e+03 4.360472020380296964e-17
5.708805626767036301e+03 4.920817113924878417e-17
5.711572680723456870e+03 4.358305569268715215e-17
5.714339913133628215e+03 3.443362584961577356e-17
5.717107323786276538e+03 4.606584128010150134e-17
5.719874912470388153e+03 4.131632241321030749e-17
5.722642678975197668e+03 3.967207884724886278e-17
5.725410623090199806e+03 5.138724705088188633e-17
5.728178744605140309e+03 4.488833274662629843e-17
5.730947043310021400e+03 4.052221368691985842e-17
5.733715518995099956e+03 2.642862579205666995e-17
5.736484171450885697e+03 3.602307025079447389e-17
5.739253000468144819e+03 3.215442741339073950e-17
5.742022005837897268e+03 3.949811800471479807e-17
5.744791187351417648e+03 5.192644531395623651e-17
5.747560544800235220e+03 4.011115070674306357e-17
5.750330077976132998e+03 4.217439782186483892e-17
5.753099786671150468e+03 3.061216024891458680e-17
5.755869670677580871e+03 4.075065257671486416e-17
5.758639729787971191e+03 3.276984482328391356e-17
5.761409963795123986e+03 3.909276695353831870e-17
5.764180372492096467e+03 4.170244709589797246e-17
5.766950955672199598e+03 3.578077162316641310e-17
5.769721713128999909e+03 3.407187561492124139e-17
5.772492644656317680e+03 3.878666433793769430e-17
5.775263750048227848e+03 3.819808131678877648e-17
5.778035029099061830e+03 4.351499357993529945e-17
5.780806481603402062e+03 5.168303472933085774e-17
5.783578107356090186e+03 3.547842667997187098e-17
5.786349906152217045e+03 3.649261876995141930e-17
5.789121877787132689e+03 4.707852111592216251e-17
5.791894022056440008e+03 4.249473751754563343e-17
5.794666338755995639e+03 4.583317335349034941e-17
5.797438827681912699e+03 4.658770060842007631e-17
5.800211488630557142e+03 4.615989823812145278e-17
5.802984321398550492e+03 3.957137024227290394e-17
5.805757325782768021e+03 4.401280914174895307e-17
5.808530501580342388e+03 4.585383415361219754e-17
5.811303848588656365e+03 3.135361157692326502e-17
5.814077366605351017e+03 3.756165013903482938e-17
5.816851055428320251e+03 4.832100699918748105e-17
5.819624914855712632e+03 3.903568122309172315e-17
5.822398944685931383e+03 3.469931332926644938e-17
5.825173144717635296e+03 3.559700895402310607e-17
5.827947514749737820e+03 3.489594260521103313e-17
5.830722054581405246e+03 3.831438419302084534e-17
5.833496764012060339e+03 3.369947264043748690e-17
5.836271642841378707e+03 4.344804445873302135e-17
5.839046690869291524e+03 4.287391493188527969e-17
5.841821907895984623e+03 3.656941294457634641e-17
5.844597293721899405e+03 3.513079593403311836e-17
5.847372848147730110e+03 3.797921377909329143e-17
5.850148570974425638e+03 2.330077049977688317e-17
5.852924462003191366e+03 4.099549337905966036e-17
5.855700521035484599e+03 3.879961104179198994e-17
5.858476747873019121e+03 3.755509497313241669e-17
5.861253142317764286e+03 3.369725988413823438e-17
5.864029704171941376e+03 2.956249728440379702e-17
5.866806433238027239e+03 2.898375781202190685e-17
5.869583329318755204e+03 2.889535703826369719e-17
5.872360392217109620e+03 3.344567658359133828e-17
5.875137621736333131e+03 3.594989682554252331e-17
5.877915017679920311e+03 2.303703706402613317e-17
5.880692579851621304e+03 3.562135322620988943e-17
5.883470308055440910e+03 1.919662326567111920e-17
5.886248202095640409e+03 3.054655279636896208e-17
5.889026261776731189e+03 2.342596867207130720e-17
5.891804486903483848e+03 2.926222192687997410e-17
5.894582877280919092e+03 1.644974697630951763e-17
5.897361432714316834e+03 3.492082579059491547e-17
5.900140153009208007e+03 2.270841530765951751e-17
5.902919037971381840e+03 2.004304286987791693e-17
5.905698087406877676e+03 3.076502171037169470e-17
5.908477301121993150e+03 2.871076608015548580e-17
5.911256678923276922e+03 3.541789081193508860e-17
5.914036220617537765e+03 2.228958080965697905e-17
5.916815926011831834e+03 1.940426730392352881e-17
5.919595794913477221e+03 2.636138442834277317e-17
5.922375827130041216e+03 2.314265530638594712e-17
5.925156022469349409e+03 2.468957425497869589e-17
5.927936380739476590e+03 3.175935176604797684e-17
5.930716901748759483e+03 1.450727702649353325e-17
5.933497585305783105e+03 2.843456864317199159e-17
5.936278431219391678e+03 2.111229307006908779e-17
5.939059439298680445e+03 2.335296473923869883e-17
5.941840609353002947e+03 2.650021670079372337e-17
5.944621941191962833e+03 3.064843763891722248e-17
5.947403434625421141e+03 3.538963479371936125e-17
5.950185089463495387e+03 2.702498977571373690e-17
5.952966905516552288e+03 3.111663321622339738e-17
5.955748882595216855e+03 2.687767740263650148e-17
5.958531020510370581e+03 3.610607160621357589e-17
5.961313319073144157e+03 3.459357839173977647e-17
5.964095778094928392e+03 3.762561631580047938e-17
5.966878397387364203e+03 3.439001472849858655e-17
5.969661176762348987e+03 3.383185800631978805e-17
5.972444116032036618e+03 4.023198531167908788e-17
5.975227215008831990e+03 4.127969302286460904e-17
5.978010473505397385e+03 3.745106418816497186e-17
5.980793891334647924e+03 4.141941282284097819e-17
5.983577468309754295e+03 3.935200911253759796e-17
5.986361204244141845e+03 4.160511423142982158e-17
5.989145098951490581e+03 3.620551861032362883e-17
5.991929152245733349e+03 3.948581328046383594e-17
5.994713363941060379e+03 5.274047156709592483e-17
5.997497733851913836e+03 5.318810900019157761e-17
6.000282261792993268e+03 5.032818241120445767e-17
6.003066947579250154e+03 5.065123854061418424e-17
6.005851791025892453e+03 5.068456215485336409e-17
6.008636791948381870e+03 5.749686631123607443e-17
6.011421950162434769e+03 5.644592209751863485e-17
6.014207265484023083e+03 6.294055325497476115e-17
6.016992737729370674e+03 5.296381330051094419e-17
6.019778366714959702e+03 6.663076343728599248e-17
6.022564152257523347e+03 6.523087980550039407e-17
6.025350094174053083e+03 5.297321028216696919e-17
6.028136192281790500e+03 5.694267010414774070e-17
6.030922446398237298e+03 5.626145872220380537e-17
6.033708856341143473e+03 6.124016895678228914e-17
6.036495421928519136e+03 5.798103488368416639e-17
6.039282142978627235e+03 5.421762603808997618e-17
6.042069019309982650e+03 5.984893449601208458e-17
6.044856050741358558e+03 5.319405400954707552e-17
6.047643237091781884e+03 5.066289472941239219e-17
6.050430578180532393e+03 5.645331545501952330e-17
6.053218073827145417e+03 5.817217620972396123e-17
6.056005723851410949e+03 5.036969640689080006e-17
6.058793528073375455e+03 6.307685862399525256e-17
6.061581486313336427e+03 5.196416047990532580e-17
6.064369598391848740e+03 5.274914709166138104e-17
6.067157864129720110e+03 6.387865388111115796e-17
6.069946283348015641e+03 5.010423620136219996e-17
6.072734855868049635e+03 5.240757221546190540e-17
6.075523581511397424e+03 4.922617980574611264e-17
6.078312460099885357e+03 6.630603249628718780e-17
6.081101491455592623e+03 5.286121854473920602e-17
6.083890675400858527e+03 5.200347349475359323e-17
6.086680011758272485e+03 5.286415360552437314e-17
6.089469500350680391e+03 5.182090241712798726e-17
6.092259141001180069e+03 5.694132179580301491e-17
6.095048933533127638e+03 6.200012699030220108e-17
6.097838877770133877e+03 4.719979591031244021e-17
6.100628973536060585e+03 5.019751210447583998e-17
6.103419220655025129e+03 5.395533717737789848e-17
6.106209618951402263e+03 5.638271961352570951e-17
6.109000168249818671e+03 4.846638818581462943e-17
6.111790868375157515e+03 5.641535557561439665e-17
6.114581719152554797e+03 5.311868787693882701e-17
6.117372720407402085e+03 6.127808861536380846e-17
6.120163871965344697e+03 4.563935197019914257e-17
6.122955173652284429e+03 5.945575922256023084e-17
6.125746625294375917e+03 6.546278428137570680e-17
6.128538226718026635e+03 5.794438285271303321e-17
6.131329977749905083e+03 5.071197580626745171e-17
6.134121878216928053e+03 5.639157676112187858e-17
6.136913927946268814e+03 5.066323094241823112e-17
6.139706126765356203e+03 5.574423136702238471e-17
6.142498474501872806e+03 5.749124869742293379e-17
6.145290970983755869e+03 5.029644232895371658e-17
6.148083616039197295e+03 5.527739293904686276e-17
6.150876409496644555e+03 4.711881583123010635e-17
6.153669351184797051e+03 5.075404896932594688e-17
6.156462440932613390e+03 4.574833571432105782e-17
6.159255678569301381e+03 4.935221262513915555e-17
6.162049063924326219e+03 5.113381854848205620e-17
6.164842596827408670e+03 5.200039087354483195e-17
6.167636277108522336e+03 3.727824870988459856e-17
6.170430104597897298e+03 4.238076263686193984e-17
6.173224079126013748e+03 4.860641071716062438e-17
6.176018200523612904e+03 4.423263994735685162e-17
6.178812468621687003e+03 4.515476432644499782e-17
6.181606883251481122e+03 3.569646883851448353e-17
6.184401444244498634e+03 3.752398806233039429e-17
6.187196151432495753e+03 5.603523780079817437e-17
6.189991004647483351e+03 4.911811011633936852e-17
6.192786003721728775e+03 3.706349089993879950e-17
6.195581148487748578e+03 4.667189629671851177e-17
6.198376438778320335e+03 3.583576078252595107e-17
6.201171874426472641e+03 4.407462249914106012e-17
6.203967455265490571e+03 3.792957616192480471e-17
6.206763181128910219e+03 3.982391479138786908e-17
6.209559051850526885e+03 3.583972064434223595e-17
6.212355067264388708e+03 3.873946193728597354e-17
6.215151227204796669e+03 4.061047080161866319e-17
6.217947531506310042e+03 4.986737459111493011e-17
6.220743980003737306e+03 4.200555486714581154e-17
6.223540572532147053e+03 3.445001239919769733e-17
6.226337308926858896e+03 4.080715656898662269e-17
6.229134189023448926e+03 3.662465193028033842e-17
6.231931212657747892e+03 3.312444679726947050e-17
6.234728379665838474e+03 3.376217497152023122e-17
6.237525689884061649e+03 3.279407628841984172e-17
6.240323143149010320e+03 3.605910623611889059e-17
6.243120739297533873e+03 3.404010975909135757e-17
6.245918478166733621e+03 3.589074164563146088e-17
6.248716359593969173e+03 4.190322629216291332e-17
6.251514383416852070e+03 3.681437145317974441e-17
6.254312549473249419e+03 3.485834188387085546e-17
6.257110857601282078e+03 4.388474263809474261e-17
6.259909307639327380e+03 3.761269518987253780e-17
6.262707899426013682e+03 3.883061411036087004e-17
6.265506632800227635e+03 3.116702928717019431e-17
6.268305507601109639e+03 2.888870574221849817e-17
6.271104523668053844e+03 3.485855975854719344e-17
6.273903680840709058e+03 4.257599453132772745e-17
6.276702978958979656e+03 2.985059516913863575e-17
6.279502417863021947e+03 3.707016729772294124e-17
6.282301997393251440e+03 3.397945052849002938e-17
6.285101717390332851e+03 2.803562883873172167e-17
6.287901577695191008e+03 3.557790530554122206e-17
6.290701578149000852e+03 3.630533068059203369e-17
6.293501718593194710e+03 3.569618608790711894e-17
6.296301998869457748e+03 4.431074101128815225e-17
6.299102418819731611e+03 3.943886394634221700e-17
6.301902978286208963e+03 3.756726528789550125e-17
6.304703677111342586e+03 3.664506221598720007e-17
6.307504515137834460e+03 3.990402127805150753e-17
6.310305492208643955e+03 4.247035989971086167e-17
6.313106608166985097e+03 3.248074684041553758e-17
6.315907862856326574e+03 3.668956321769194189e-17
6.318709256120389909e+03 3.706783664063855743e-17
6.321510787803152198e+03 3.406011405039037195e-17
6.324312457748847009e+03 3.753058491381458188e-17
6.327114265801959846e+03 3.380742490589981732e-17
6.329916211807230866e+03 4.709723411477279175e-17
6.332718295609657616e+03 4.011530869752038676e-17
6.335520517054489574e+03 4.510188977602094245e-17
6.338322875987231782e+03 3.884413553866374778e-17
6.341125372253643945e+03 3.524030566724332365e-17
6.343928005699739515e+03 3.514397567387966608e-17
6.346730776171787511e+03 3.735809216062213756e-17
6.349533683516311612e+03 3.733814875261198066e-17
6.352336727580090155e+03 4.665980747403844640e-17
6.355139908210154317e+03 3.725744252398432847e-17
6.357943225253793571e+03 4.242301290670740933e-17
6.360746678558545682e+03 4.870495539151324776e-17
6.363550267972212168e+03 5.278294976837999507e-17
6.366353993342840113e+03 4.575628157948460743e-17
6.369157854518734894e+03 3.593797035435819231e-17
6.371961851348459277e+03 4.323709013229956152e-17
6.374765983680827048e+03 4.501262629154644914e-17
6.377570251364906653e+03 4.926233092952712843e-17
6.380374654250023013e+03 4.939085971918900397e-17
6.383179192185754800e+03 4.719355538234741791e-17
6.385983865021934434e+03 4.393261755428835043e-17
6.388788672608648994e+03 4.772727353151560339e-17
6.391593614796242946e+03 3.968314182708893324e-17
6.394398691435312685e+03 5.270796483557730284e-17
6.397203902376708356e+03 5.156780282569448773e-17
6.400009247471537492e+03 5.026964284215514053e-17
6.402814726571160463e+03 3.688959441302382825e-17
6.405620339527193210e+03 4.734495292886581931e-17
6.408426086191503600e+03 5.131554785057881666e-17
6.411231966416218711e+03 5.101677897919407771e-17
6.414037980053717547e+03 4.668640702499135030e-17
6.416844126956631953e+03 4.749314483741834662e-17
6.419650406977852072e+03 4.563766713642714353e-17
6.422456819970520883e+03 4.699531294939450787e-17
6.425263365788034207e+03 5.201424578295525188e-17
6.428070044284046162e+03 4.212459570352773123e-17
6.430876855312462794e+03 4.781887911081727259e-17
6.433683798727446629e+03 4.435509555380120168e-17
6.436490874383411210e+03 5.199737672501062656e-17
6.439298082135030199e+03 5.514294878150728328e-17
6.442105421837225549e+03 4.335771225312231514e-17
6.444912893345179327e+03 4.480574166013614075e-17
6.447720496514326442e+03 5.580032026003079638e-17
6.450528231200352820e+03 5.221315413229785303e-17
6.453336097259205417e+03 5.038013877946928393e-17
6.456144094547081295e+03 4.723552182719242550e-17
6.458952222920432177e+03 4.838880105274726807e-17
6.461760482235968084e+03 4.703527373594618077e-17
6.464568872350648235e+03 4.751922974089990812e-17
6.467377393121690147e+03 6.092379737717716099e-17
6.470186044406565998e+03 5.077377378347469188e-17
6.472994826063000801e+03 5.854002217761766247e-17
6.475803737948974231e+03 4.964164934917044730e-17
6.478612779922723348e+03 5.049132169462583646e-17
6.481421951842736235e+03 5.521962920405538813e-17
6.484231253567758358e+03 5.200700337585523807e-17
6.487040684956787118e+03 5.051053292741282849e-17
6.489850245869077298e+03 4.034530173523650907e-17
6.492659936164135615e+03 3.568665310116123872e-17
6.495469755701726172e+03 4.669271351583679555e-17
6.498279704341864999e+03 4.837990189089837201e-17
6.501089781944823699e+03 5.883140520209990718e-17
6.503899988371131258e+03 4.655573180747283159e-17
6.506710323481565865e+03 3.580854152507687661e-17
6.509520787137164007e+03 5.031872986089500837e-17
6.512331379199216826e+03 5.697807417400283158e-17
6.515142099529268307e+03 3.475235139832798719e-17
6.517952947989118911e+03 3.630377453838115863e-17
6.520763924440820119e+03 3.746436764735977680e-17
6.523575028746685348e+03 4.384770272066942385e-17
6.526386260769272667e+03 3.606371125919504713e-17
6.529197620371402991e+03 3.528358356855190206e-17
6.532009107416148254e+03 3.644145382038891577e-17
6.534820721766835959e+03 4.174079059970801692e-17
6.537632463287045539e+03 4.637083442482505236e-17
6.540444331840617451e+03 4.468563924456124029e-17
6.543256327291637717e+03 5.183774956024162425e-17
6.546068449504456112e+03 4.155693172253286693e-17
6.548880698343670701e+03 4.612739109978455643e-17
6.551693073674136031e+03 3.803352847618844257e-17
6.554505575360961302e+03 4.160851789528776112e-17
6.557318203269510377e+03 3.915340443650700635e-17
6.560130957265402685e+03 3.793050890640809426e-17
6.562943837214511404e+03 3.583086114212192170e-17
6.565756842982963462e+03 3.217507266379946610e-17
6.568569974437141354e+03 2.949519818477117764e-17
6.571383231443682234e+03 3.792479609464357079e-17
6.574196613869477005e+03 3.105159167314997899e-17
6.577010121581673047e+03 4.679817240860311158e-17
6.579823754447669671e+03 3.541090481100803458e-17
6.582637512335122665e+03 3.870629654276910899e-17
6.585451395111942475e+03 4.066719603616107960e-17
6.588265402646293296e+03 4.380721199766174477e-17
6.591079534806593074e+03 4.557524304040025071e-17
6.593893791461518049e+03 4.849581429108025061e-17
6.596708172479994573e+03 4.002707574578771629e-17
6.599522677731206386e+03 4.437044381216814410e-17
6.602337307084590066e+03 4.275264894223789817e-17
6.605152060409839578e+03 4.255032060102111845e-17
6.607966937576900818e+03 5.404574144054045307e-17
6.610781938455973432e+03 3.731195033626946029e-17
6.613597062917516268e+03 3.810054026716540913e-17
6.616412310832237381e+03 4.596879719155139130e-17
6.619227682071103118e+03 4.036503835726242721e-17
6.622043176505334486e+03 3.759183006002821164e-17
6.624858794006402604e+03 3.514944072925207081e-17
6.627674534446039615e+03 4.767968044677795069e-17
6.630490397696226864e+03 5.074340036389761356e-17
6.633306383629203992e+03 4.804587680320475422e-17
6.636122492117462571e+03 4.479423295361616449e-17
6.638938723033750648e+03 5.081917206487993578e-17
6.641755076251070932e+03 4.989576407432392742e-17
6.644571551642678969e+03 4.047606036733926907e-17
6.647388149082085874e+03 4.908172382774276463e-17
6.650204868443057421e+03 4.332048319836021839e-17
6.653021709599614042e+03 4.745065813540671273e-17
6.655838672426030826e+03 4.986670611210170138e-17
6.658655756796838432e+03 6.001902212633262825e-17
6.661472962586819449e+03 5.036692231090189227e-17
6.664290289671013852e+03 5.837279148136215796e-17
6.667107737924714456e+03 4.276085365587970896e-17
6.669925307223468735e+03 5.087012870439685976e-17
6.672742997443079730e+03 5.810017619352590656e-17
6.675560808459604232e+03 5.144249700417059076e-17
6.678378740149355508e+03 4.956993079061755438e-17
6.681196792388898757e+03 5.426156296773427529e-17
6.684014965055055654e+03 6.341808729589709579e-17
6.686833258024900715e+03 5.324457232606179075e-17
6.689651671175764932e+03 4.933454295148399225e-17
6.692470204385232137e+03 5.447642430466316130e-17
6.695288857531143549e+03 5.738714075830502286e-17
6.698107630491592317e+03 4.716887170705742730e-17
6.700926523144926250e+03 5.062220585374832698e-17
6.703745535369749632e+03 4.733536264897978301e-17
6.706564667044919588e+03 5.194479431388761032e-17
6.709383918049548811e+03 5.337235882128191444e-17
6.712203288263004652e+03 4.808994916046123928e-17
6.715022777564909120e+03 4.507103733324297306e-17
6.717842385835136156e+03 4.905363700467818969e-17
6.720662112953819815e+03 4.333173191604241989e-17
6.723481958801343353e+03 4.940802891242006508e-17
6.726301923258346505e+03 5.403013565212468649e-17
6.729122006205725484e+03 4.630458494021670220e-17
6.731942207524629339e+03 4.387719294742915197e-17
6.734762527096460872e+03 4.802239959635260860e-17
6.737582964802879360e+03 5.326468950779645820e-17
6.740403520525796921e+03 4.979946998526164383e-17
6.743224194147381240e+03 6.675855251401083618e-17
6.746044985550056481e+03 5.362438167564439343e-17
6.748865894616497826e+03 6.000795908309953521e-17
6.751686921229636937e+03 4.606478487843397500e-17
6.754508065272659223e+03 5.275656519566160971e-17
6.757329326629007483e+03 4.229922392291115771e-17
6.760150705182374622e+03 4.606919710270330013e-17
6.762972200816711847e+03 5.160419711937005156e-17
6.765793813416223202e+03 5.846298234027847986e-17
6.768615542865367388e+03 5.234868244995690081e-17
6.771437389048859586e+03 5.070409595270726499e-17
6.774259351851665997e+03 3.817874294297029376e-17
6.777081431159011117e+03 5.270205685565476193e-17
6.779903626856372284e+03 4.610460480940763952e-17
6.782725938829479674e+03 5.326151238888152177e-17
6.785548366964322668e+03 4.699859734997784667e-17
6.788370911147139850e+03 4.921987718940425378e-17
6.791193571264429920e+03 4.498947132773075583e-17
6.794016347202940779e+03 4.090969781119764692e-17
6.796839238849679532e+03 5.081789556504842224e-17
6.799662246091904308e+03 4.678630759319148891e-17
6.802485368817131530e+03 4.546178775422592216e-17
6.805308606913127733e+03 5.125613130301447276e-17
6.808131960267916838e+03 4.950534943870787816e-17
6.810955428769778337e+03 3.788241196807666490e-17
6.813779012307242738e+03 4.723278496380482751e-17
6.816602710769100668e+03 4.571649657837985244e-17
6.819426524044391044e+03 3.650705237492245628e-17
6.822250452022411991e+03 4.510760237288990690e-17
6.825074494592712654e+03 3.577419483139803102e-17
6.827898651645101381e+03 3.164945760418132773e-17
6.830722923069637545e+03 4.398847456264061019e-17
6.833547308756634266e+03 4.671642762802691737e-17
6.836371808596662959e+03 3.944263356601821741e-17
6.839196422480547881e+03 4.492648497514705593e-17
6.842021150299367036e+03 4.132534818159813582e-17
6.844845991944453999e+03 4.530972378408540136e-17
6.847670947307395181e+03 3.804402458615006033e-17
6.850496016280036201e+03 4.098378918072542324e-17
6.853321198754471880e+03 4.438232428112151571e-17
6.856146494623055332e+03 5.021110037217996450e-17
6.858971903778390697e+03 4.252864154669108164e-17
6.861797426113342226e+03 3.792316676050835048e-17
6.864623061521022464e+03 4.234798370101903451e-17
6.867448809894802253e+03 4.274899660415687264e-17
6.870274671128308910e+03 3.897648716351153931e-17
6.873100645115417137e+03 2.999058193093261236e-17
6.875926731750265390e+03 3.539321706219395703e-17
6.878752930927239504e+03 2.426259608564490695e-17
6.881579242540982705e+03 3.351007949145422218e-17
6.884405666486394693e+03 4.102966183756493594e-17
6.887232202658624374e+03 2.196316308854125643e-17
6.890058850953082583e+03 3.168139402512203187e-17
6.892885611265430271e+03 2.697457730909563237e-17
6.895712483491581224e+03 3.176454842384113044e-17
6.898539467527707529e+03 3.821403930305154289e-17
6.901366563270234110e+03 2.879268260792588409e-17
6.904193770615842368e+03 3.612681678416560755e-17
6.907021089461464726e+03 3.222063088018242049e-17
6.909848519704291903e+03 3.757657769788661958e-17
6.912676061241767457e+03 3.165631450080344239e-17
6.915503713971589605e+03 3.441607754398884773e-17
6.918331477791712132e+03 3.707693908936994538e-17
6.921159352600340753e+03 3.801424249643940309e-17
6.923987338295939480e+03 4.126358910734640829e-17
6.926815434777223345e+03 3.401858452036771760e-17
6.929643641943165676e+03 4.168485346369476872e-17
6.932471959692990822e+03 4.636169933280947441e-17
6.935300387926181429e+03 3.563304894399441692e-17
6.938128926542470253e+03 4.055350834471098557e-17
6.940957575441849258e+03 3.441840704623541480e-17
6.943786334524560516e+03 3.307962769712459864e-17
6.946615203691104398e+03 3.690655549367342171e-17
6.949444182842234113e+03 4.404638916714985523e-17
6.952273271878959349e+03 3.631184403608888083e-17
6.955102470702541723e+03 3.828510948912677629e-17
6.957931779214497510e+03 4.188376424023281099e-17
6.960761197316600374e+03 3.263078941058585373e-17
6.963590724910876816e+03 3.515141028115052635e-17
6.966420361899607997e+03 4.208597572486014000e-17
6.969250108185328827e+03 3.421141784016982269e-17
6.972079963670830693e+03 2.812867734691186992e-17
6.974909928259157823e+03 3.753254416531999573e-17
6.977740001853611830e+03 4.416416787362311919e-17
6.980570184357743528e+03 4.452913960197878229e-17
6.983400475675363850e+03 3.667557524553298202e-17
6.986230875710536566e+03 3.715842178685947725e-17
6.989061384367580104e+03 3.110092190219218003e-17
6.991892001551064823e+03 3.695801473987883622e-17
6.994722727165819379e+03 3.706510523462591700e-17
6.997553561116926176e+03 4.405337149853741275e-17
7.000384503309720458e+03 2.716715144078744675e-17
7.003215553649793947e+03 3.287018844950201479e-17
7.006046712042992112e+03 3.677164984424665839e-17
7.008877978395415994e+03 3.333061311910850750e-17
7.011709352613419469e+03 4.133383010914016844e-17
7.014540834603611984e+03 3.127120398414585411e-17
7.017372424272857643e+03 3.818797062399741287e-17
7.020204121528275209e+03 2.833832270132021987e-17
7.023035926277239923e+03 3.265918613544462271e-17
7.025867838427375318e+03 3.428361868814188619e-17
7.028699857886567770e+03 3.329962337075299353e-17
7.031531984562952857e+03 3.595594052560119659e-17
7.034364218364922635e+03 3.423813342448411533e-17
7.037196559201122000e+03 3.350860142562721597e-17
7.040029006980454142e+03 3.689766054173496251e-17
7.042861561612073274e+03 4.204189971435681085e-17
7.045694223005388267e+03 4.093075350107700606e-17
7.048526991070066288e+03 3.227400481288524866e-17
7.051359865716025524e+03 3.505974398120914069e-17
7.054192846853438823e+03 2.568773277439098587e-17
7.057025934392735508e+03 3.804119853026493117e-17
7.059859128244599560e+03 2.947394347983980401e-17
7.062692428319967803e+03 3.964949674107937873e-17
7.065525834530031716e+03 2.693555008629234188e-17
7.068359346786239257e+03 3.869124124957361889e-17
7.071192965000293043e+03 3.192213845004426871e-17
7.074026689084146710e+03 2.998307825622597277e-17
7.076860518950012192e+03 3.961543892371001734e-17
7.079694454510356081e+03 4.313376210266348071e-17
7.082528495677895080e+03 2.622221347468823397e-17
7.085362642365606007e+03 3.667575408331241785e-17
7.088196894486718520e+03 3.777189022539009643e-17
7.091031251954715117e+03 3.202770993819283355e-17
7.093865714683333863e+03 3.474008028872123884e-17
7.096700282586567482e+03 3.164355138945678719e-17
7.099534955578665176e+03 3.679525068974251690e-17
7.102369733574128986e+03 3.568120051593630130e-17
7.105204616487713793e+03 3.169343777271599478e-17
7.108039604234430954e+03 2.369573372425157031e-17
7.110874696729549214e+03 4.262512274164142460e-17
7.113709893888586521e+03 3.046073521548670229e-17
7.116545195627317298e+03 3.557667313050114445e-17
7.119380601861774267e+03 3.292807255426038760e-17
7.122216112508240258e+03 3.465144738656732800e-17
7.125051727483253671e+03 4.388169159279076238e-17
7.127887446703609385e+03 3.637274940295451048e-17
7.130723270086353295e+03 3.165192145828081810e-17
7.133559197548790507e+03 3.488727785207529826e-17
7.136395229008476235e+03 2.734588756025287332e-17
7.139231364383224900e+03 3.352949106580524827e-17
7.142067603591101943e+03 3.151520412195969981e-17
7.144903946550428373e+03 3.737568006184786395e-17
7.147740393179778039e+03 3.378312009982182687e-17
7.150576943397985815e+03 4.521116858318391508e-17
7.153413597124132139e+03 3.271760319152467570e-17
7.156250354277559381e+03 4.898656924985505390e-17
7.159087214777860936e+03 3.374129588802735414e-17
7.161924178544884853e+03 3.591759031180182964e-17
7.164761245498735661e+03 3.630946728729149209e-17
7.167598415559770729e+03 3.720781894939837710e-17
7.170435688648602081e+03 3.277722021009052812e-17
7.173273064686098223e+03 2.994544580405305251e-17
7.176110543593380498e+03 3.099982999897272870e-17
7.178948125291823999e+03 3.072478153048914484e-17
7.181785809703062114e+03 3.303301893344815163e-17
7.184623596748977434e+03 2.838919229926717021e-17
7.187461486351712665e+03 3.271644764911486112e-17
7.190299478433662443e+03 2.691827328432034341e-17
7.193137572917474245e+03 2.885944927818556887e-17
7.195975769726053841e+03 2.995328089045258163e-17
7.198814068782559843e+03 2.738293113514717688e-17
7.201652470010403704e+03 3.021279793033831983e-17
7.204490973333255170e+03 3.436857532137528497e-17
7.207329578675035009e+03 3.132883618615123350e-17
7.210168285959920468e+03 4.118865946744202254e-17
7.213007095112347088e+03 3.357618802566113507e-17
7.215846006056995975e+03 3.966160393754045224e-17
7.218685018718808351e+03 3.729463827131416858e-17
7.221524133022981914e+03 3.719143825120905506e-17
7.224363348894965384e+03 3.173726939193389537e-17
7.227202666260465776e+03 3.892626596471701301e-17
7.230042085045437489e+03 3.856262649947217673e-17
7.232881605176100493e+03 3.756847730566901812e-17
7.235721226578918504e+03 4.362269479057261745e-17
7.238560949180613534e+03 4.118332756680109575e-17
7.241400772908167710e+03 3.776647273174732471e-17
7.244240697688812361e+03 4.123461148399054932e-17
7.247080723450031655e+03 4.296844298908627492e-17
7.249920850119569877e+03 4.012935197525507311e-17
7.252761077625420512e+03 3.337411978458422237e-17
7.255601405895835342e+03 3.085439921082110495e-17
7.258441834859320807e+03 3.432791089612485112e-17
7.261282364444634368e+03 5.083261294908416852e-17
7.264122994580793602e+03 2.466822070749614486e-17
7.266963725197063468e+03 3.420577010345751404e-17
7.269804556222970859e+03 2.982949469128743295e-17
7.272645487588293690e+03 2.963970489266584436e-17
7.275486519223062714e+03 3.097920109924529961e-17
7.278327651057568801e+03 4.373268919043178589e-17
7.281168883022352020e+03 5.390548322767118071e-17
7.284010215048207101e+03 3.437144772162089661e-17
7.286851647066188889e+03 3.866062345633783916e-17
7.289693179007601429e+03 3.683535725640634880e-17
7.292534810804005247e+03 4.284833025906302546e-17
7.295376542387215522e+03 3.360400179034566044e-17
7.298218373689300279e+03 2.733262592240013032e-17
7.301060304642587653e+03 2.687636313717930078e-17
7.303902335179654983e+03 2.708594777928744820e-17
7.306744465233334267e+03 2.722319465677085048e-17
7.309586694736713980e+03 2.784118499526251645e-17
7.312429023623139074e+03 3.497312947389100073e-17
7.315271451826203702e+03 3.941351363697087367e-17
7.318113979279760315e+03 4.042024486337288235e-17
7.320956605917917841e+03 3.635029388384080765e-17
7.323799331675036228e+03 2.912996388479008542e-17
7.326642156485728265e+03 4.282111567914515805e-17
7.329485080284868673e+03 3.124199721142434663e-17
7.332328103007579557e+03 3.415523642956332138e-17
7.335171224589243138e+03 3.636633395448549830e-17
7.338014444965489020e+03 4.036597490774806724e-17
7.340857764072210557e+03 4.386014673449516814e-17
7.343701181845548490e+03 4.043245324139280923e-17
7.346544698221900035e+03 4.762704397170451247e-17
7.349388313137920704e+03 4.527128349264872074e-17
7.352232026530515213e+03 3.271733898196401605e-17
7.355075838336846573e+03 3.621124886505332081e-17
7.357919748494328815e+03 3.793117613134277058e-17
7.360763756940636085e+03 3.602657905998362279e-17
7.363607863613691734e+03 3.262465584358145662e-17
7.366452068451677405e+03 3.205376896463938017e-17
7.369296371393023946e+03 3.916213592517692210e-17
7.372140772376425957e+03 4.087119869273013930e-17
7.374985271340825420e+03 4.729442645116238885e-17
7.377829868225420796e+03 4.370500457699661594e-17
7.380674562969665203e+03 2.500041570917743836e-17
7.383519355513264600e+03 3.752542652587763215e-17
7.386364245796183241e+03 3.057927793604431030e-17
7.389209233758638220e+03 4.376338357029381492e-17
7.392054319341101291e+03 4.346335797300491314e-17
7.394899502484297045e+03 4.533052533431300792e-17
7.397744783129208372e+03 3.224436483327513914e-17
7.400590161217067362e+03 3.549774926405703881e-17
7.403435636689366220e+03 4.924272027949858654e-17
7.406281209487849992e+03 3.805216945468859101e-17
7.409126879554518382e+03 3.675856898425625527e-17
7.411972646831622114e+03 3.561701126653152510e-17
7.414818511261672029e+03 3.340922310526561046e-17
7.417664472787429986e+03 3.506358164355932127e-17
7.420510531351914324e+03 4.663109218862433608e-17
7.423356686898396219e+03 4.713891993766048020e-17
7.426202939370403328e+03 4.347689285884723437e-17
7.429049288711717963e+03 4.184121938465578230e-17
7.431895734866373459e+03 3.571952231739959052e-17
7.434742277778663265e+03 4.114648215816250861e-17
7.437588917393130032e+03 4.843489640721860884e-17
7.440435653654574708e+03 3.880688221197566960e-17
7.443282486508051079e+03 3.819688369938420406e-17
7.446129415898871230e+03 4.263736969447835000e-17
7.448976441772592807e+03 4.624013167173184535e-17
7.451823564075039030e+03 5.386585038527317865e-17
7.454670782752282321e+03 4.886554475742310275e-17
7.457518097750647939e+03 4.929173290160443199e-17
7.460365509016717624e+03 4.275131362416245738e-17
7.463213016497331409e+03 4.348441723374403033e-17
7.466060620139576713e+03 4.718652588446246466e-17
7.468908319890801067e+03 4.787710090914091793e-17
7.471756115698604845e+03 3.818989062373345822e-17
7.474604007510843076e+03 3.374315249997831880e-17
7.477451995275625450e+03 4.365255145117659092e-17
7.480300078941316315e+03 4.868637467993912718e-17
7.483148258456532858e+03 4.179415180610265888e-17
7.485996533770150563e+03 4.313333997154673048e-17
7.488844904831295935e+03 4.022349952335293714e-17
7.491693371589353774e+03 3.630716779914351568e-17
7.494541933993959901e+03 5.401076618476693383e-17
7.497390591995004797e+03 5.151126661682192121e-17
7.500239345542637238e+03 5.499541025314794264e-17
7.503088194587255202e+03 4.349980754115372290e-17
7.505937139079518602e+03 5.429648311952778350e-17
7.508786178970334731e+03 5.304575895496021937e-17
7.511635314210869183e+03 3.913539629902273450e-17
7.514484544752540387e+03 4.300251528935596053e-17
7.517333870547025072e+03 3.797011875414945842e-17
7.520183291546249166e+03 3.450127914817887069e-17
7.523032807702396894e+03 4.328483964893797216e-17
7.525882418967907142e+03 2.912758583348890071e-17
7.528732125295469814e+03 3.990983537800166922e-17
7.531581926638034929e+03 4.308974013025819651e-17
7.534431822948801710e+03 5.372455509883741851e-17
7.537281814181227674e+03 5.004156883196622546e-17
7.540131900289023179e+03 4.265964240517836059e-17
7.542982081226155060e+03 4.614174901079386740e-17
7.545832356946841173e+03 4.398342633753288849e-17
7.548682727405557671e+03 4.532709016144393566e-17
7.551533192557033544e+03 3.598675233792931540e-17
7.554383752356252444e+03 3.854569832172034251e-17
7.557234406758452678e+03 5.149355303203600327e-17
7.560085155719129034e+03 4.706552179491354548e-17
7.562935999194025499e+03 5.844910535253347712e-17
7.565786937139147994e+03 4.864950741596679088e-17
7.568637969510751645e+03 4.624378941899895966e-17
7.571489096265349872e+03 3.626986874599363520e-17
7.574340317359705296e+03 4.807847773891264477e-17
7.577191632750842473e+03 4.365875689603514780e-17
7.580043042396033343e+03 4.706459865862694253e-17
7.582894546252809960e+03 4.250792173118798614e-17
7.585746144278955398e+03 4.081362783701208176e-17
7.588597836432509212e+03 4.192067231580241559e-17
7.591449622671765610e+03 3.724304252595326781e-17
7.594301502955273463e+03 3.605757770808616644e-17
7.597153477241834480e+03 3.199004611504131983e-17
7.600005545490506847e+03 2.404211167659191462e-17
7.602857707660601591e+03 2.023852769272933205e-17
7.605709963711686214e+03 2.001612560898089217e-17
7.608562313603582879e+03 1.432217580790479077e-17
7.611414757296364769e+03 1.565982818494707015e-17
7.614267294750367000e+03 9.496299637770426682e-18
7.617119925926170254e+03 2.448774540022580142e-17
7.619972650784617144e+03 2.712550769654328132e-17
7.622825469286799489e+03 2.705703020951441615e-17
7.625678381394067401e+03 2.773169115902992875e-17
7.628531387068025651e+03 3.189384819804026405e-17
7.631384486270531852e+03 3.280361993054283680e-17
7.634237678963696453e+03 2.603575839579702804e-17
7.637090965109890021e+03 2.484843534684101112e-17
7.639944344671732324e+03 2.380928413334536833e-17
7.642797817612101426e+03 1.738069476325086115e-17
7.645651383894126411e+03 2.733267270763000960e-17
7.648505043481194662e+03 2.719738009078112107e-17
7.651358796336946398e+03 2.026920335612662115e-17
7.654212642425274680e+03 3.103850321161644624e-17
7.657066581710332684e+03 2.913894718165639789e-17
7.659920614156522788e+03 3.794182913139840001e-17
7.662774739728502027e+03 3.519995375564795417e-17
7.665628958391185733e+03 3.244780796986943920e-17
7.668483270109742080e+03 2.637304056231849162e-17
7.671337674849592076e+03 3.292861535983070149e-17
7.674192172576413213e+03 4.581809438900550652e-17
7.677046763256139457e+03 4.178627368314100856e-17
7.679901446854955793e+03 3.799010901106962249e-17
7.682756223339301869e+03 3.113448484675425954e-17
7.685611092675873806e+03 4.203973410681394070e-17
7.688466054831622387e+03 5.001426146709402938e-17
7.691321109773753051e+03 3.430059765098683822e-17
7.694176257469724078e+03 3.811801984528362223e-17
7.697031497887250225e+03 3.308176350284973920e-17
7.699886830994297270e+03 3.657980268327024203e-17
7.702742256759092925e+03 2.386756244967258306e-17
7.705597775150112284e+03 3.571085365318347613e-17
7.708453386136088739e+03 3.846335975722257067e-17
7.711309089686008519e+03 3.925672800010228407e-17
7.714164885769114335e+03 3.092598443781235920e-17
7.717020774354901732e+03 4.061451359860187332e-17
7.719876755413119099e+03 4.867931374076644176e-17
7.722732828913776757e+03 4.693101184620041581e-17
7.725588994827130591e+03 3.669641623203487776e-17
7.728445253123696602e+03 4.191103835674558859e-17
7.731301603774245450e+03 4.474655420746404221e-17
7.734158046749796995e+03 4.427124714242486978e-17
7.737014582021634851e+03 4.288805506352633184e-17
7.739871209561288197e+03 4.843647056341705440e-17
7.742727929340546325e+03 4.497695190261999836e-17
7.745584741331451369e+03 3.020816260172707098e-17
7.748441645506298300e+03 4.287751232408006549e-17
7.751298641837640389e+03 4.620573331324490485e-17
7.754155730298283743e+03 3.176447819587560713e-17
7.757012910861289129e+03 2.926191716706456429e-17
7.759870183499970153e+03 2.233051985483142132e-17
7.762727548187898719e+03 2.474403105687407839e-17
7.765585004898897751e+03 2.530047106737511753e-17
7.768442553607046648e+03 3.392201222189904356e-17
7.771300194286679471e+03 3.931795322017138033e-17
7.774157926912383118e+03 2.475760876432039218e-17
7.777015751459002786e+03 3.458967625964481199e-17
7.779873667901634690e+03 3.034147360078749905e-17
7.782731676215629705e+03 2.927965422187557674e-17
7.785589776376597001e+03 2.136699822615023584e-17
7.788447968360394952e+03 1.315850655971410700e-17
7.791306252143142046e+03 2.633685870342208549e-17
7.794164627701207792e+03 2.099446550054343673e-17
7.797023095011216355e+03 3.876983514731346761e-17
7.799881654050048382e+03 3.425459156641189448e-17
7.802740304794837357e+03 2.822372408557055822e-17
7.805599047222973240e+03 1.878070912420781737e-17
7.808457881312098834e+03 2.871305074628256456e-17
7.811316807040111598e+03 1.729809999212513019e-17
7.814175824385165470e+03 2.878859482965522078e-17
7.817034933325667225e+03 2.829205494962263950e-17
7.819894133840278300e+03 2.229640037999464727e-17
7.822753425907916608e+03 2.846552388674367805e-17
7.825612809507751081e+03 1.967305911669224681e-17
7.828472284619208949e+03 2.164621672065155664e-17
7.831331851221968464e+03 3.821966341387014048e-17
7.834191509295967990e+03 2.785224155759527794e-17
7.837051258821395095e+03 2.812336628018978623e-17
7.839911099778692005e+03 2.724192033960367918e-17
7.842771032148561062e+03 2.904909265579097725e-17
7.845631055911953808e+03 2.429015591188297068e-17
7.848491171050076446e+03 1.101259419119983767e-17
7.851351377544395291e+03 3.630093173440830158e-17
7.854211675376624044e+03 2.265693632609751768e-17
7.857072064528736519e+03 3.931857701462944719e-17
7.859932544982957552e+03 3.278452642094188550e-17
7.862793116721768456e+03 2.950110773834295445e-17
7.865653779727905203e+03 2.734767603175401865e-17
7.868514533984358422e+03 3.970530147187009156e-17
7.871375379474371584e+03 2.702745144752480334e-17
7.874236316181444636e+03 3.123861403311958442e-17
7.877097344089330363e+03 2.688143900631558684e-17
7.879958463182039850e+03 3.261022113618108866e-17
7.882819673443833381e+03 2.794875384246392067e-17
7.885680974859231355e+03 2.771289253755483397e-17
7.888542367413003376e+03 4.098325553000203723e-17
7.891403851090179160e+03 2.863232181458433924e-17
7.894265425876037625e+03 3.901852184763164643e-17
7.897127091756115988e+03 2.986524383287725697e-17
7.899988848716206121e+03 5.015614146820342794e-17
7.902850696742352739e+03 4.472997049308717317e-17
7.905712635820853393e+03 4.321242551808403420e-17
7.908574665938265753e+03 4.735026196663758081e-17
7.911436787081398506e+03 4.130479966963165879e-17
7.914298999237315002e+03 3.722896657816625170e-17
7.917161302393331425e+03 5.151562522597433591e-17
7.920023696537024080e+03 4.531271411608739043e-17
7.922886181656218469e+03 6.272961171755266357e-17
7.925748757738996574e+03 5.233236011529430622e-17
7.928611424773698673e+03 5.285254649464635327e-17
7.931474182748910607e+03 5.831355537127995455e-17
7.934337031653483791e+03 5.606620719708094690e-17
7.937199971476513383e+03 6.330180724339860549e-17
7.940063002207358295e+03 4.536201633188604803e-17
7.942926123835628459e+03 4.756638442624551330e-17
7.945789336351186648e+03 5.416431266370025662e-17
7.948652639744152111e+03 5.248196043481808751e-17
7.951516034004898756e+03 5.638686876122030092e-17
7.954379519124053331e+03 4.758554898362971790e-17
7.957243095092500880e+03 5.942876220186969288e-17
7.960106761901379286e+03 4.227899680384673268e-17
