5.200000000000000000e+03 1.739727277528873251e-17
5.202689886095206020e+03 2.270468075242961030e-17
5.205379772190412041e+03 1.032039423522182291e-17
5.208069658285618061e+03 9.236308949229090242e-18
5.210759544380824082e+03 2.466929391456695099e-17
5.213449430476030102e+03 2.644825457999243978e-17
5.216139316571236122e+03 1.055256096215029138e-17
5.218829202666442143e+03 1.110335437676440712e-17
5.221519088761648163e+03 -5.104827838508764060e-19
5.224208974856854184e+03 1.097057099272644776e-17
5.226898860952060204e+03 1.245641982977102472e-17
5.229588747047266224e+03 2.450821790043128692e-17
5.232278633142472245e+03 8.484956957262728716e-18
5.234968519237678265e+03 2.825542988320821765e-17
5.237658405332884286e+03 2.704308230429075602e-17
5.240348291428090306e+03 1.654380692645126936e-17
5.243038177523296326e+03 1.833314451562028463e-17
5.245728063618502347e+03 2.041076153517045323e-17
5.248417949713708367e+03 9.861471029453326537e-18
5.251107835808914388e+03 1.888253917363806789e-17
5.253797721904120408e+03 1.030120379740973269e-17
5.256487607999326428e+03 1.082450055634046917e-17
5.259177494094532449e+03 2.304472604622625215e-17
5.261867380189738469e+03 1.157447141084999283e-17
5.264557266284944490e+03 2.419074545057366460e-17
5.267247152380150510e+03 2.262944738669819913e-17
5.269937038475356530e+03 2.929962068677859122e-17
5.272626924570562551e+03 2.153226327586662625e-17
5.275316810665768571e+03 1.898465347047005586e-17
5.278006696760974592e+03 2.062462779168721929e-17
5.280696582856180612e+03 9.716751598295491137e-18
5.283386468951386632e+03 2.003392165352949648e-17
5.286076355046592653e+03 1.166002413541682153e-17
5.288766241141798673e+03 1.401752360492031041e-17
5.291456127237004694e+03 1.492609332438208619e-17
5.294146013332210714e+03 1.895846895518384535e-17
5.296835899427416734e+03 2.507543712424405212e-17
5.299525785522622755e+03 1.406024064339469915e-17
5.302215671617828775e+03 8.754294095171910845e-18
5.304905557713034796e+03 6.842610297308889145e-18
5.307595443808240816e+03 1.484912150972916340e-17
5.310285329903446836e+03 3.333496260493460041e-18
5.312975215998652857e+03 2.279860441276347156e-17
5.315665102093858877e+03 2.790566135877339109e-17
5.318354988189064898e+03 2.815474475667544212e-17
5.321044874284270918e+03 2.109429928618411092e-17
5.323734760379476938e+03 1.073284009082467230e-17
5.326424646474682959e+03 1.376455266681426729e-17
5.329114532569888979e+03 1.236510514806878481e-17
5.331804418665095000e+03 7.092611874747565755e-18
5.334494304760301020e+03 1.845128972732189429e-17
5.337184190855507040e+03 1.461972885635582377e-17
5.339874076950713061e+03 1.808353045457695368e-17
5.342563963045919081e+03 1.228995058860161398e-17
5.345253849141125102e+03 6.135697538949843194e-18
5.347943735236331122e+03 7.445297457382808450e-18
5.350633621331537142e+03 1.803114012434094770e-17
5.353323507426743163e+03 3.036746661461061167e-17
5.356013393521949183e+03 1.840261976762783822e-17
5.358703279617155204e+03 2.103768886536995739e-17
5.361393165712361224e+03 1.825404305227772041e-17
5.364083051807567244e+03 2.669811232884188686e-17
5.366772937902773265e+03 2.322480587389553376e-17
5.369462823997979285e+03 1.383599056696349506e-17
5.372152710093185306e+03 4.930114870971634718e-18
5.374842596188391326e+03 1.779049266470482551e-17
5.377532482283597346e+03 1.869771676653028695e-17
5.380222368378803367e+03 2.456379818551314927e-17
5.382912254474009387e+03 2.346035134758587024e-17
5.385602140569215408e+03 2.308816293172784933e-17
5.388292026664421428e+03 2.435219476451901692e-17
5.390981912759627448e+03 1.922168173355553577e-17
5.393671798854833469e+03 2.502119995000036012e-17
5.396361684950039489e+03 2.160943026207669108e-17
5.399051571045245510e+03 2.018588651797986974e-17
5.401741457140451530e+03 1.683961371608445530e-17
5.404431343235657550e+03 1.948267879151987521e-17
5.407121229330863571e+03 2.284948835528051665e-17
5.409811115426069591e+03 2.601203509802788956e-17
5.412501001521275612e+03 2.192731365483060885e-17
5.415190887616481632e+03 1.857786293684602531e-17
5.417880773711687652e+03 1.745713641068383481e-17
5.420570659806893673e+03 2.473955470350076710e-17
5.423260545902099693e+03 2.792933626710195069e-17
5.425950431997305714e+03 2.699222367213093520e-17
5.428640318092511734e+03 2.187630961888595030e-17
5.431330204187717754e+03 2.021831402926348150e-17
5.434020090282923775e+03 1.493950249772330049e-17
5.436709976378129795e+03 2.150456711670972865e-17
5.439399862473335816e+03 2.258834709909714640e-17
5.442089748568541836e+03 5.268265297938484657e-17
5.444779634663747856e+03 9.835151019174008541e-17
5.447469520758953877e+03 7.702420991009643010e-17
5.450159406854159897e+03 2.334273704746495665e-17
5.452849292949365918e+03 2.611901624510033060e-17
5.455539179044571938e+03 1.526144583276479165e-17
5.458229065139777958e+03 2.681185002369589744e-17
5.460918951234983979e+03 2.602637834781933991e-17
5.463608837330189999e+03 2.398652031711603540e-17
5.466298723425396020e+03 3.167112896691523280e-17
5.468988609520602040e+03 3.168869311925929706e-17
5.471678495615808060e+03 1.869186368377281153e-17
5.474368381711014081e+03 2.310895194878509892e-17
5.477058267806220101e+03 2.917846207116283649e-17
5.479748153901426122e+03 3.033091385129766578e-17
5.482438039996632142e+03 2.463205072037206289e-17
5.485127926091838162e+03 2.599602236926107298e-17
5.487817812187044183e+03 2.059515107905367151e-17
5.490507698282250203e+03 2.074579179653586466e-17
5.493197584377456224e+03 2.051071505994207986e-17
5.495887470472662244e+03 1.866507491701796728e-17
5.498577356567868264e+03 2.292730877417411056e-17
5.501267242663074285e+03 2.592896331308030810e-17
5.503957128758280305e+03 2.011565928266561789e-17
5.506647014853486326e+03 2.190634566448619512e-17
5.509336900948692346e+03 1.063462108136616692e-17
5.512026787043898366e+03 2.210276689965665395e-17
5.514716673139104387e+03 2.181005559422096118e-17
5.517406559234310407e+03 2.286570634515567995e-17
5.520096445329516428e+03 2.075907975356694650e-17
5.522786331424722448e+03 2.142330188086107196e-17
5.525476217519928468e+03 2.413802606233084156e-17
5.528166103615134489e+03 2.970879514336418004e-17
5.530855989710340509e+03 3.128890743990006972e-17
5.533545875805546530e+03 2.665051327921999509e-17
5.536235761900752550e+03 2.075975615085290889e-17
5.538925647995958570e+03 1.853504531728532261e-17
5.541615534091164591e+03 2.742416786938523332e-17
5.544305420186370611e+03 2.201423873347606369e-17
5.546995306281576632e+03 2.278279841031351639e-17
5.549685192376782652e+03 2.091863721476330252e-17
5.552375078471988672e+03 1.689367083520695536e-17
5.555064964567194693e+03 2.039761931926350380e-17
5.557754850662400713e+03 1.674234465512414882e-17
5.560444736757606734e+03 1.371869416053082058e-17
5.563134622852812754e+03 1.140647788119687753e-17
5.565824508948018774e+03 1.836339470544985183e-17
5.568514395043224795e+03 1.784238177211359614e-17
5.571204281138430815e+03 3.413055349654652681e-17
5.573894167233636836e+03 3.200935868973161831e-17
5.576584053328842856e+03 1.176829128613915947e-17
5.579273939424048876e+03 1.394751837243783141e-17
5.581963825519254897e+03 7.893378296083140323e-18
5.584653711614460917e+03 1.719933291914626688e-17
5.587343597709666938e+03 2.307707588530353906e-17
5.590033483804872958e+03 1.505119829071161234e-17
5.592723369900078978e+03 2.208098820870384323e-17
5.595413255995284999e+03 1.810351595059746938e-17
5.598103142090491019e+03 1.963262458805851465e-17
5.600793028185697040e+03 1.247133079607573310e-17
5.603482914280903060e+03 1.850495103185592493e-17
5.606172800376109080e+03 1.403995854267324449e-17
5.608862686471315101e+03 2.166125471971043812e-17
5.611552572566521121e+03 2.224732257487749003e-17
5.614242458661727142e+03 2.378989309732070560e-17
5.616932344756933162e+03 2.832385829619730460e-17
5.619622230852139182e+03 1.841192476448886004e-17
5.622312116947345203e+03 2.424969617832621089e-17
5.625002003042551223e+03 2.112536261991826285e-17
5.627691889137757244e+03 1.999373568102180913e-17
5.630381775232963264e+03 2.343865120854770853e-17
5.633071661328169284e+03 2.465147896751363671e-17
5.635761547423375305e+03 2.292423679521241672e-17
5.638451433518581325e+03 3.231552148669075621e-17
5.641141319613787346e+03 2.917428040968188356e-17
5.643831205708993366e+03 2.362453493533011899e-17
5.646521091804199386e+03 2.063352483729423562e-17
5.649210977899405407e+03 1.577943998852481626e-17
5.651900863994611427e+03 2.175258787374479254e-17
5.654590750089817448e+03 2.071699734744585850e-17
5.657280636185023468e+03 2.136793179228692546e-17
5.659970522280229488e+03 2.331660543667825612e-17
5.662660408375435509e+03 1.811343841645185085e-17
5.665350294470641529e+03 1.834462296026152301e-17
5.668040180565847550e+03 1.472560495388643660e-17
5.670730066661053570e+03 2.396502541222184533e-17
5.673419952756259590e+03 2.526760813450327286e-17
5.676109838851465611e+03 2.016511315708025651e-17
5.678799724946671631e+03 2.526899497288823530e-17
5.681489611041877652e+03 2.114404015323874827e-17
5.684179497137083672e+03 2.885570960260823540e-17
5.686869383232289692e+03 2.405723452934424619e-17
5.689559269327495713e+03 1.569126184970871241e-17
5.692249155422701733e+03 1.777629667820563456e-17
5.694939041517907754e+03 2.017704343875819430e-17
5.697628927613113774e+03 1.107475503047502894e-17
5.700318813708319794e+03 1.595803078010540441e-17
5.703008699803525815e+03 1.872114872073665485e-17
5.705698585898731835e+03 2.824101699441683884e-17
5.708388471993937856e+03 2.887989587216988081e-17
5.711078358089143876e+03 2.160532482859012900e-17
5.713768244184349896e+03 1.798278866456187274e-17
5.716458130279555917e+03 1.637358409686206328e-17
5.719148016374761937e+03 1.644422482512480226e-17
5.721837902469967958e+03 2.338293470751228155e-17
5.724527788565173978e+03 2.115687054162616700e-17
5.727217674660379998e+03 1.705886119190376725e-17
5.729907560755586019e+03 1.656425922776896523e-17
5.732597446850792039e+03 2.490537382212401962e-17
5.735287332945998060e+03 1.794349121672514918e-17
5.737977219041204080e+03 1.409103934779425411e-17
5.740667105136410100e+03 1.154814860835171822e-17
5.743356991231616121e+03 2.178291372195559623e-17
5.746046877326822141e+03 1.716706895199548724e-17
5.748736763422028162e+03 1.392165454328589826e-17
5.751426649517234182e+03 2.148319091791565434e-17
5.754116535612440202e+03 1.889675305467246040e-17
5.756806421707646223e+03 1.616264460721583094e-17
5.759496307802852243e+03 1.930766533349258498e-17
5.762186193898058264e+03 2.109892936007394623e-17
5.764876079993264284e+03 2.542971234664844181e-17
5.767565966088470304e+03 2.024523917580823010e-17
5.770255852183676325e+03 1.283003584020035057e-17
5.772945738278882345e+03 1.767854112266432124e-17
5.775635624374088366e+03 2.388625365427120338e-17
5.778325510469294386e+03 1.174398290281301044e-17
5.781015396564500406e+03 1.007311894823551664e-17
5.783705282659706427e+03 1.459185907119527922e-17
5.786395168754912447e+03 2.082576401385014301e-17
5.789085054850118468e+03 2.953747075030203224e-17
5.791774940945324488e+03 2.159410788565381107e-17
5.794464827040530508e+03 1.980412368673912664e-17
5.797154713135736529e+03 2.792653775661711753e-17
5.799844599230942549e+03 1.995235506514405715e-17
5.802534485326148570e+03 1.985486896198574390e-17
5.805224371421354590e+03 1.491703590926224755e-17
5.807914257516560610e+03 1.734618710704839363e-17
5.810604143611766631e+03 2.243950862904509741e-17
5.813294029706972651e+03 1.754376163387213628e-17
5.815983915802178672e+03 1.785827641952909395e-17
5.818673801897384692e+03 2.348647661624260071e-17
5.821363687992590712e+03 2.321448856615116326e-17
5.824053574087796733e+03 1.886477422136524335e-17
5.826743460183002753e+03 1.563116864884153724e-17
5.829433346278208774e+03 2.693718123000910193e-17
5.832123232373414794e+03 3.000648036032009348e-17
5.834813118468620814e+03 2.000464827979115854e-17
5.837503004563826835e+03 1.571133193600138215e-17
5.840192890659032855e+03 1.300895131028265669e-17
5.842882776754238876e+03 1.791259462913892615e-17
5.845572662849444896e+03 1.899575581185054057e-17
5.848262548944650916e+03 1.376828012516027515e-17
5.850952435039856937e+03 1.692568381477951557e-17
5.853642321135062957e+03 1.601749663018113520e-17
5.856332207230268978e+03 1.207371425930144999e-17
5.859022093325474998e+03 1.467190381118812458e-17
5.861711979420681018e+03 1.193067043542496696e-17
5.864401865515887039e+03 1.232903966513083851e-17
5.867091751611093059e+03 1.387076347259246410e-17
5.869781637706299080e+03 1.542866196564461325e-17
5.872471523801505100e+03 1.365102110092242818e-17
5.875161409896711120e+03 1.049134810089227937e-17
5.877851295991917141e+03 6.603753258346137170e-18
5.880541182087123161e+03 6.764445137230672540e-18
5.883231068182329182e+03 9.487960420248737756e-18
5.885920954277535202e+03 1.487916913702753805e-17
5.888610840372741222e+03 1.594216697016437511e-17
5.891300726467947243e+03 2.788051060498697177e-17
5.893990612563153263e+03 2.396911461521264801e-17
5.896680498658359284e+03 8.609065816157287543e-18
5.899370384753565304e+03 5.710193958594370974e-18
5.902060270848771324e+03 1.590444540369396714e-17
5.904750156943977345e+03 1.110606513926938064e-17
5.907440043039183365e+03 1.246290138648011639e-17
5.910129929134389386e+03 9.319214046711489247e-18
5.912819815229595406e+03 5.258090701804738727e-18
5.915509701324801426e+03 3.459942711097265819e-18
5.918199587420007447e+03 6.972265485064977343e-18
5.920889473515213467e+03 9.532057277853002220e-18
5.923579359610419488e+03 6.791133234566940532e-18
5.926269245705625508e+03 5.178121850999404736e-18
5.928959131800831528e+03 1.225417097110232344e-17
5.931649017896037549e+03 1.787765525526767022e-17
5.934338903991243569e+03 1.706989727146385807e-17
5.937028790086449590e+03 9.124766665975324842e-18
5.939718676181655610e+03 1.522013385807502686e-17
5.942408562276861630e+03 1.419259117161142910e-17
5.945098448372067651e+03 1.840961437086735644e-17
5.947788334467273671e+03 1.384147440395822859e-17
5.950478220562479692e+03 5.278226469039089493e-18
5.953168106657685712e+03 9.854969503478510479e-18
5.955857992752891732e+03 1.424602603244341383e-17
5.958547878848097753e+03 9.129687392815753167e-18
5.961237764943303773e+03 8.519514753419256085e-18
5.963927651038509794e+03 1.345025600398508330e-17
5.966617537133715814e+03 1.393039960061701184e-17
5.969307423228921834e+03 2.182453269174998564e-17
5.971997309324127855e+03 2.156863588553985286e-17
5.974687195419333875e+03 1.953643838662718251e-17
5.977377081514539896e+03 1.767911029363055639e-17
5.980066967609745916e+03 1.962900707890512232e-17
5.982756853704951936e+03 2.756551914710009648e-17
5.985446739800157957e+03 2.635614013303797432e-17
5.988136625895363977e+03 2.942074510804807237e-17
5.990826511990569998e+03 3.036749956807992010e-17
5.993516398085776018e+03 2.398827881207619307e-17
5.996206284180982038e+03 2.377131376141754733e-17
5.998896170276188059e+03 2.780433930644652505e-17
6.001586056371394079e+03 2.156088807972881611e-17
6.004275942466600100e+03 2.037648526674338555e-17
6.006965828561806120e+03 2.421287602800284670e-17
6.009655714657012140e+03 1.925917783673850714e-17
6.012345600752218161e+03 -4.701400951388369343e-18
6.015035486847424181e+03 3.136513871132336271e-17
6.017725372942630202e+03 4.225342297507966830e-17
6.020415259037836222e+03 3.200249996955655936e-17
6.023105145133042242e+03 3.190157029468172037e-17
6.025795031228248263e+03 3.179027638079981325e-17
6.028484917323454283e+03 2.988022513476027723e-17
6.031174803418660304e+03 2.190363019537545659e-17
6.033864689513866324e+03 2.331818643733772543e-17
6.036554575609072344e+03 2.953400029788848114e-17
6.039244461704278365e+03 2.964748708138595738e-17
6.041934347799484385e+03 2.674396445251966541e-17
6.044624233894690406e+03 2.633019745435297893e-17
6.047314119989896426e+03 1.915407842474026081e-17
6.050004006085102446e+03 2.690211798143213560e-17
6.052693892180308467e+03 2.586723151572845335e-17
6.055383778275514487e+03 2.780239028368515858e-17
6.058073664370720508e+03 2.839851316543745938e-17
6.060763550465926528e+03 2.917350068927552944e-17
6.063453436561132548e+03 2.789672142501909598e-17
6.066143322656338569e+03 2.460587125967119275e-17
6.068833208751544589e+03 2.903763662160614270e-17
6.071523094846750610e+03 2.758463204581693982e-17
6.074212980941956630e+03 2.851811062604398389e-17
6.076902867037162650e+03 3.290103245327743371e-17
6.079592753132368671e+03 2.863811176218917693e-17
6.082282639227574691e+03 3.562935592488204457e-17
6.084972525322780712e+03 2.287416799049048035e-17
6.087662411417986732e+03 3.316684267173459368e-17
6.090352297513192752e+03 2.974307783495231047e-17
6.093042183608398773e+03 3.041320872608848508e-17
6.095732069703604793e+03 3.371620810792910030e-17
6.098421955798810814e+03 3.229600626094534666e-17
6.101111841894016834e+03 2.706995216678961958e-17
6.103801727989222854e+03 2.394560928311760301e-17
6.106491614084428875e+03 2.680551583477699024e-17
6.109181500179634895e+03 2.779749392457751117e-17
6.111871386274840916e+03 3.003521731088245724e-17
6.114561272370046936e+03 3.182030330506917997e-17
6.117251158465252956e+03 3.107661026833862784e-17
6.119941044560458977e+03 3.255122733421587127e-17
6.122630930655664997e+03 2.859664623379375731e-17
6.125320816750871018e+03 2.205753991665097863e-17
6.128010702846077038e+03 2.597913242136289470e-17
6.130700588941283058e+03 2.155753847518210617e-17
6.133390475036489079e+03 2.354753378783014728e-17
6.136080361131695099e+03 2.604942022552274386e-17
6.138770247226901120e+03 2.870801111828745337e-17
6.141460133322107140e+03 2.641037630068722875e-17
6.144150019417313160e+03 2.265600668767684501e-17
6.146839905512519181e+03 2.130334887402467782e-17
6.149529791607725201e+03 2.310364508560852171e-17
6.152219677702931222e+03 2.636946789000221374e-17
6.154909563798137242e+03 2.282631248142807659e-17
6.157599449893343262e+03 2.300451942527806283e-17
6.160289335988549283e+03 1.852861676109946945e-17
6.162979222083755303e+03 2.622039183896429252e-17
6.165669108178961324e+03 1.900871333217337531e-17
6.168358994274167344e+03 1.639823208461683460e-17
6.171048880369373364e+03 2.050473205433482686e-17
6.173738766464579385e+03 3.434023065215682856e-17
6.176428652559785405e+03 4.607531061372632845e-17
6.179118538654991426e+03 3.311602941792434637e-17
6.181808424750197446e+03 2.397270786154209011e-17
6.184498310845403466e+03 1.892576771818237680e-17
6.187188196940609487e+03 1.878581087722768822e-17
6.189878083035815507e+03 2.010895417372768245e-17
6.192567969131021528e+03 2.287438281740712370e-17
6.195257855226227548e+03 2.069692090051547875e-17
6.197947741321433568e+03 1.968732435053085075e-17
6.200637627416639589e+03 2.196027668600124660e-17
6.203327513511845609e+03 2.176756829772315130e-17
6.206017399607051630e+03 1.416208794017699750e-17
6.208707285702257650e+03 1.516841102226791570e-17
6.211397171797463670e+03 2.032905842180545408e-17
6.214087057892669691e+03 1.270024582581504427e-17
6.216776943987875711e+03 1.963804201314971744e-17
6.219466830083081732e+03 1.285002575506073486e-17
6.222156716178287752e+03 1.646163414398119516e-17
6.224846602273493772e+03 1.705758505380355590e-17
6.227536488368699793e+03 2.212639321388771982e-17
6.230226374463905813e+03 2.215018049243905066e-17
6.232916260559111834e+03 1.893722156010847920e-17
6.235606146654317854e+03 1.840722012266286453e-17
6.238296032749523874e+03 2.143267285956980513e-17
6.240985918844729895e+03 2.177559265181869219e-17
6.243675804939935915e+03 2.124810175209547392e-17
6.246365691035141936e+03 1.631375048929737051e-17
6.249055577130347956e+03 1.224748075416261897e-17
6.251745463225553976e+03 1.245337789363198645e-17
6.254435349320759997e+03 1.349748070525500882e-17
6.257125235415966017e+03 1.995632974371193233e-17
6.259815121511172038e+03 2.023609682572390246e-17
6.262505007606378058e+03 2.021130107766417961e-17
6.265194893701584078e+03 1.613382416874351391e-17
6.267884779796790099e+03 1.789819381150305398e-17
6.270574665891996119e+03 2.045043395729506630e-17
6.273264551987202140e+03 1.824627023274619376e-17
6.275954438082408160e+03 1.744576074301317021e-17
6.278644324177614180e+03 1.858927890268757281e-17
6.281334210272820201e+03 2.293866198362024890e-17
6.284024096368026221e+03 2.077028406704984552e-17
6.286713982463232242e+03 1.690138291516729020e-17
6.289403868558438262e+03 1.773245996297507967e-17
6.292093754653644282e+03 1.999012124036353294e-17
6.294783640748850303e+03 1.621610301771525639e-17
6.297473526844056323e+03 1.976323273660595411e-17
6.300163412939262344e+03 1.813590618181401683e-17
6.302853299034468364e+03 1.853515940412274568e-17
6.305543185129674384e+03 1.901338236443911385e-17
6.308233071224880405e+03 1.961902424979401742e-17
6.310922957320086425e+03 1.953400821488948556e-17
6.313612843415292446e+03 1.470555674303466221e-17
6.316302729510498466e+03 2.169250711000257217e-17
6.318992615605704486e+03 2.588431607564017608e-17
6.321682501700910507e+03 1.926794170500947048e-17
6.324372387796116527e+03 2.203346263956202318e-17
6.327062273891322548e+03 1.499295872189400914e-17
6.329752159986528568e+03 1.605097416319864344e-17
6.332442046081734588e+03 1.868180013415785349e-17
6.335131932176940609e+03 1.936012128833107335e-17
6.337821818272146629e+03 1.896816806658058218e-17
6.340511704367352650e+03 1.891974481611659457e-17
6.343201590462558670e+03 1.661103940889406312e-17
6.345891476557764690e+03 2.065521013795763350e-17
6.348581362652970711e+03 2.116123481705121317e-17
6.351271248748176731e+03 1.919293832477904720e-17
6.353961134843382752e+03 1.702486083636573655e-17
6.356651020938588772e+03 1.829707526667165197e-17
6.359340907033794792e+03 2.408560273655327937e-17
6.362030793129000813e+03 1.253027612123259501e-17
6.364720679224206833e+03 1.882923316975634252e-17
6.367410565319412854e+03 2.148696724373129289e-17
6.370100451414618874e+03 1.603057478342171123e-17
6.372790337509824894e+03 1.687359902299653551e-17
6.375480223605030915e+03 2.647396204190634927e-17
6.378170109700236935e+03 2.438968156503776165e-17
6.380859995795442956e+03 2.544263937692481402e-17
6.383549881890648976e+03 2.662481382819856830e-17
6.386239767985854996e+03 2.574754633934571174e-17
6.388929654081061017e+03 2.209497229195481380e-17
6.391619540176267037e+03 1.815781946920262941e-17
6.394309426271473058e+03 2.225352890659056650e-17
6.396999312366679078e+03 2.876396016999423714e-17
6.399689198461885098e+03 2.898341229461822083e-17
6.402379084557091119e+03 2.734180763942082871e-17
6.405068970652297139e+03 2.498563960923713380e-17
6.407758856747503160e+03 2.368718955479598824e-17
6.410448742842709180e+03 2.289292951697745106e-17
6.413138628937915200e+03 2.650705088762367693e-17
6.415828515033121221e+03 2.598885562703694126e-17
6.418518401128327241e+03 2.652654618345407211e-17
6.421208287223533262e+03 2.246241060469312677e-17
6.423898173318739282e+03 2.637963307875962808e-17
6.426588059413945302e+03 2.199922056300295168e-17
6.429277945509151323e+03 1.893188457310425703e-17
6.431967831604357343e+03 2.742585870126199418e-17
6.434657717699563364e+03 2.604160913089584909e-17
6.437347603794769384e+03 2.452252128790815413e-17
6.440037489889975404e+03 3.071185745892983265e-17
6.442727375985181425e+03 2.512423710356482084e-17
6.445417262080387445e+03 2.097647392898536353e-17
6.448107148175593466e+03 2.590981748044604305e-17
6.450797034270799486e+03 2.736152123507210120e-17
6.453486920366005506e+03 2.267243006010649594e-17
6.456176806461211527e+03 2.751163345183119080e-17
6.458866692556417547e+03 2.686737664794454490e-17
6.461556578651623568e+03 2.208539683928694040e-17
6.464246464746829588e+03 2.530882858124967308e-17
6.466936350842035608e+03 2.635087466928271076e-17
6.469626236937241629e+03 2.586032391194233685e-17
6.472316123032447649e+03 2.602454918409768167e-17
6.475006009127653670e+03 2.647893679674642921e-17
6.477695895222859690e+03 2.054629766213677923e-17
6.480385781318065710e+03 2.444921805184185382e-17
6.483075667413271731e+03 2.627315825319772829e-17
6.485765553508477751e+03 2.612267179077853129e-17
6.488455439603683772e+03 2.244673046618415907e-17
6.491145325698889792e+03 2.312630411744607797e-17
6.493835211794095812e+03 2.318559112205607588e-17
6.496525097889301833e+03 2.019154215883095900e-17
6.499214983984507853e+03 2.628193830513491901e-17
6.501904870079713874e+03 2.421307308998238859e-17
6.504594756174919894e+03 2.249033267424227013e-17
6.507284642270125914e+03 2.141176648194660131e-17
6.509974528365331935e+03 1.626403864356770465e-17
6.512664414460537955e+03 1.900221870578334033e-17
6.515354300555743976e+03 1.753460197001121356e-17
6.518044186650949996e+03 1.892405500227736257e-17
6.520734072746156016e+03 2.232427334664677484e-17
6.523423958841362037e+03 2.323241712980372076e-17
6.526113844936568057e+03 2.182867664973703024e-17
6.528803731031774078e+03 1.866172542639663259e-17
6.531493617126980098e+03 2.144505601596619643e-17
6.534183503222186118e+03 2.346164609242414303e-17
6.536873389317392139e+03 2.200039046343092723e-17
6.539563275412598159e+03 1.273208481220673868e-17
6.542253161507804180e+03 1.835899027267616692e-17
6.544943047603010200e+03 2.535914191790279304e-17
6.547632933698216220e+03 2.779836451998969020e-17
6.550322819793422241e+03 2.296705638953410235e-17
6.553012705888628261e+03 2.393420188649639638e-17
6.555702591983834282e+03 2.133217458659708775e-17
6.558392478079040302e+03 2.678309430334197529e-17
6.561082364174246322e+03 1.721185819544399222e-17
6.563772250269452343e+03 1.769825490385683112e-17
6.566462136364658363e+03 1.660377759428774190e-17
6.569152022459864384e+03 1.698083286699269178e-17
6.571841908555070404e+03 1.756042179574629114e-17
6.574531794650276424e+03 2.121688540168540562e-17
6.577221680745482445e+03 1.939494241364107633e-17
6.579911566840688465e+03 1.560989732465032715e-17
6.582601452935894486e+03 1.531183153654926743e-17
6.585291339031100506e+03 2.153200310224280051e-17
6.587981225126306526e+03 2.618765988321593379e-17
6.590671111221512547e+03 2.673149304741883442e-17
6.593360997316718567e+03 2.554501388477621223e-17
6.596050883411924588e+03 2.313133532273768211e-17
6.598740769507130608e+03 2.290743509465546795e-17
6.601430655602336628e+03 2.696270159384470275e-17
6.604120541697542649e+03 2.425094357632908464e-17
6.606810427792748669e+03 2.356962631479978926e-17
6.609500313887954690e+03 2.000826183570064067e-17
6.612190199983160710e+03 2.043442016580295986e-17
6.614880086078366730e+03 2.464893627976858250e-17
6.617569972173572751e+03 2.228273724862752069e-17
6.620259858268778771e+03 1.820843290113154216e-17
6.622949744363984792e+03 2.073132822769907831e-17
6.625639630459190812e+03 3.065339458472095966e-17
6.628329516554396832e+03 2.299305344633190843e-17
6.631019402649602853e+03 2.203451018325833773e-17
6.633709288744808873e+03 2.826576140775705738e-17
6.636399174840014894e+03 3.140067394875959845e-17
6.639089060935220914e+03 3.091128888886190503e-17
6.641778947030426934e+03 3.048651149197503055e-17
6.644468833125632955e+03 2.394724464118411774e-17
6.647158719220838975e+03 2.739163708747298972e-17
6.649848605316044996e+03 3.332653040575223343e-17
6.652538491411251016e+03 2.865246655592258305e-17
6.655228377506457036e+03 2.515636240442349884e-17
6.657918263601663057e+03 2.611487487921545864e-17
6.660608149696869077e+03 3.062576503091027210e-17
6.663298035792075098e+03 2.291019071902015758e-17
6.665987921887281118e+03 2.267468393430285348e-17
6.668677807982487138e+03 2.431141383118277792e-17
6.671367694077693159e+03 2.682737221492730841e-17
6.674057580172899179e+03 2.711185594691631523e-17
6.676747466268105200e+03 2.490077474180330883e-17
6.679437352363311220e+03 2.465696780517601838e-17
6.682127238458517240e+03 2.241285417281322831e-17
6.684817124553723261e+03 3.187582175534968880e-17
6.687507010648929281e+03 3.353795780404991582e-17
6.690196896744135302e+03 2.879090887189708414e-17
6.692886782839341322e+03 2.280058700974452184e-17
6.695576668934547342e+03 2.418893536348030451e-17
6.698266555029753363e+03 2.535701999528975566e-17
6.700956441124959383e+03 2.119002297032855479e-17
6.703646327220165404e+03 2.789592424599490898e-17
6.706336213315371424e+03 2.313566435383503096e-17
6.709026099410577444e+03 2.423411531219719749e-17
6.711715985505783465e+03 2.853574963552282871e-17
6.714405871600989485e+03 2.971206873006334969e-17
6.717095757696195506e+03 2.191082938531486157e-17
6.719785643791401526e+03 2.863231321031130609e-17
6.722475529886607546e+03 2.309907202027160715e-17
6.725165415981813567e+03 2.952954671646308990e-17
6.727855302077019587e+03 2.990323253471566688e-17
6.730545188172225608e+03 2.733253610529839173e-17
6.733235074267431628e+03 2.891984167762939984e-17
6.735924960362637648e+03 1.973200161627873018e-17
6.738614846457843669e+03 2.138148163772316288e-17
6.741304732553049689e+03 2.456935149873102421e-17
6.743994618648255710e+03 2.897717570870218643e-17
6.746684504743461730e+03 2.574240383003890784e-17
6.749374390838667750e+03 2.471545158676229864e-17
6.752064276933873771e+03 2.814811265839420995e-17
6.754754163029079791e+03 3.113371977283967736e-17
6.757444049124285812e+03 3.133463179050725940e-17
6.760133935219491832e+03 3.156528060124572173e-17
6.762823821314697852e+03 3.133666165367536456e-17
6.765513707409903873e+03 2.735115245747684637e-17
6.768203593505109893e+03 2.942531682310986688e-17
6.770893479600315914e+03 2.774887896771873764e-17
6.773583365695521934e+03 2.038757627836321544e-17
6.776273251790727954e+03 2.197922836414409136e-17
6.778963137885933975e+03 2.363666155295132633e-17
6.781653023981139995e+03 3.032393046481264731e-17
6.784342910076346016e+03 2.729964213948154756e-17
6.787032796171552036e+03 2.101141848634706411e-17
6.789722682266758056e+03 2.494411230855364618e-17
6.792412568361964077e+03 2.697485313095422852e-17
6.795102454457170097e+03 2.243779082000476513e-17
6.797792340552376118e+03 2.204869926513166140e-17
6.800482226647582138e+03 2.442925098831763937e-17
6.803172112742788158e+03 2.559280268992031927e-17
6.805861998837994179e+03 2.680315667972961866e-17
6.808551884933200199e+03 2.421610771742177237e-17
6.811241771028406220e+03 2.496696949768892873e-17
6.813931657123612240e+03 3.043939244581252791e-17
6.816621543218818260e+03 2.903723532142941052e-17
6.819311429314024281e+03 1.975232878265671859e-17
6.822001315409230301e+03 2.387927160710638124e-17
6.824691201504436322e+03 2.390716335979800416e-17
6.827381087599642342e+03 2.733445997982227841e-17
6.830070973694848362e+03 2.442344664625800291e-17
6.832760859790054383e+03 2.091064073738226691e-17
6.835450745885260403e+03 2.498318070533470887e-17
6.838140631980466424e+03 3.098447340065134765e-17
6.840830518075672444e+03 2.639366648983137665e-17
6.843520404170878464e+03 2.205498024852747801e-17
6.846210290266084485e+03 2.474807346762233342e-17
6.848900176361290505e+03 2.481791802524645631e-17
6.851590062456496526e+03 2.373218852931202299e-17
6.854279948551702546e+03 2.390029559725490826e-17
6.856969834646908566e+03 2.052655194229648433e-17
6.859659720742114587e+03 1.615330502823630316e-17
6.862349606837320607e+03 2.150532586203416753e-17
6.865039492932526628e+03 2.170624992355242602e-17
6.867729379027732648e+03 1.640605134983860941e-17
6.870419265122938668e+03 2.034861913968637505e-17
6.873109151218144689e+03 1.677386930570910729e-17
6.875799037313350709e+03 1.608088028753817237e-17
6.878488923408556730e+03 2.043598695637757266e-17
6.881178809503762750e+03 2.057229424810285542e-17
6.883868695598968770e+03 2.054087699637076403e-17
6.886558581694174791e+03 2.313907631406263765e-17
6.889248467789380811e+03 1.994676440991419125e-17
6.891938353884586832e+03 1.560777938255834916e-17
6.894628239979792852e+03 1.682186337771052664e-17
6.897318126074998872e+03 2.037286172483891650e-17
6.900008012170204893e+03 1.671318872191799418e-17
6.902697898265410913e+03 1.925912893057836905e-17
6.905387784360616934e+03 2.148375124191732419e-17
6.908077670455822954e+03 1.707667291220369502e-17
6.910767556551028974e+03 1.924857309249960517e-17
6.913457442646234995e+03 2.153173119343543267e-17
6.916147328741441015e+03 1.972705642022224477e-17
6.918837214836647036e+03 1.462216583395176242e-17
6.921527100931853056e+03 2.174504705744237015e-17
6.924216987027059076e+03 2.230033142444896448e-17
6.926906873122265097e+03 1.976856546020930012e-17
6.929596759217471117e+03 1.500203208715401587e-17
6.932286645312677138e+03 1.903618526372494594e-17
6.934976531407883158e+03 1.435274291575830015e-17
6.937666417503089178e+03 1.673202853268363433e-17
6.940356303598295199e+03 2.294477443685733515e-17
6.943046189693501219e+03 1.633719896801264105e-17
6.945736075788707240e+03 1.775513138199804238e-17
6.948425961883913260e+03 1.812696430660709012e-17
6.951115847979119280e+03 2.120162468225743216e-17
6.953805734074325301e+03 1.797210588579339915e-17
6.956495620169531321e+03 1.921721252564007845e-17
6.959185506264737342e+03 2.181798711111460910e-17
6.961875392359943362e+03 2.618114048167137726e-17
6.964565278455149382e+03 1.605792685273471802e-17
6.967255164550355403e+03 1.629846310176651530e-17
6.969945050645561423e+03 1.399223672236913793e-17
6.972634936740767444e+03 1.612642141376120685e-17
6.975324822835973464e+03 1.725760717011865636e-17
6.978014708931179484e+03 1.844102356700236863e-17
6.980704595026385505e+03 1.935180032591131840e-17
6.983394481121591525e+03 2.004824872536290156e-17
6.986084367216797546e+03 2.010359106965178455e-17
6.988774253312003566e+03 2.010079313109508895e-17
6.991464139407209586e+03 1.942675289410603492e-17
6.994154025502415607e+03 1.852155471666639766e-17
6.996843911597621627e+03 1.874228130254790724e-17
6.999533797692827648e+03 1.653327554171387699e-17
7.002223683788033668e+03 1.675191092903263722e-17
7.004913569883239688e+03 1.944436468390608042e-17
7.007603455978445709e+03 1.574213756813679891e-17
7.010293342073651729e+03 1.338027826064617385e-17
7.012983228168857750e+03 1.708058783902668720e-17
7.015673114264063770e+03 1.855025357249058195e-17
7.018363000359269790e+03 2.069110839598592449e-17
7.021052886454475811e+03 2.131819953624686801e-17
7.023742772549681831e+03 1.922873147836430564e-17
7.026432658644887852e+03 1.902651456812091816e-17
7.029122544740093872e+03 1.653352312616849825e-17
7.031812430835299892e+03 1.485698734324547063e-17
7.034502316930505913e+03 1.787180975457405913e-17
7.037192203025711933e+03 2.115690907932973745e-17
7.039882089120917954e+03 1.340235613358828831e-17
7.042571975216123974e+03 1.083091614762318330e-17
7.045261861311329994e+03 1.493114884052932574e-17
7.047951747406536015e+03 1.148032446048076192e-17
7.050641633501742035e+03 1.482811797137678233e-17
7.053331519596948056e+03 1.742228657766800432e-17
7.056021405692154076e+03 1.823679703037004305e-17
7.058711291787360096e+03 1.792301790801563196e-17
7.061401177882566117e+03 1.545393593653474273e-17
7.064091063977772137e+03 1.472352672071291867e-17
7.066780950072978158e+03 1.581206686010841289e-17
7.069470836168184178e+03 1.888890496795023960e-17
7.072160722263390198e+03 1.716234775667705058e-17
7.074850608358596219e+03 2.060963611288621996e-17
7.077540494453802239e+03 2.300963119427773625e-17
7.080230380549008260e+03 1.075807878036418892e-17
7.082920266644214280e+03 1.194852920931274466e-17
7.085610152739420300e+03 1.703037827970385956e-17
7.088300038834626321e+03 1.715164645122953746e-17
7.090989924929832341e+03 2.217004817727031695e-17
7.093679811025038362e+03 1.640218911271486629e-17
7.096369697120244382e+03 1.823321433971986916e-17
7.099059583215450402e+03 1.822401651655262513e-17
7.101749469310656423e+03 2.195261132298772755e-17
7.104439355405862443e+03 2.358829877035636434e-17
7.107129241501068464e+03 1.368888722165985004e-17
7.109819127596274484e+03 1.050820841207048101e-17
7.112509013691480504e+03 1.641504808246159849e-17
7.115198899786686525e+03 2.023202702382855340e-17
7.117888785881892545e+03 1.752967953098497418e-17
7.120578671977098566e+03 1.602052000295937303e-17
7.123268558072304586e+03 1.810757692438773260e-17
7.125958444167510606e+03 2.001947567896034331e-17
7.128648330262716627e+03 1.767334382122364534e-17
7.131338216357922647e+03 1.415842969431667742e-17
7.134028102453128668e+03 1.639882698083154903e-17
7.136717988548334688e+03 1.818830650604023518e-17
7.139407874643540708e+03 1.820239187074116746e-17
7.142097760738746729e+03 1.705051854101979152e-17
7.144787646833952749e+03 1.508458117165682541e-17
7.147477532929158770e+03 2.031244010907714896e-17
7.150167419024364790e+03 1.824839989757499253e-17
7.152857305119570810e+03 2.153728296557546980e-17
7.155547191214776831e+03 1.744997327942170139e-17
7.158237077309982851e+03 2.124059711110314907e-17
7.160926963405188872e+03 2.221516253942654627e-17
7.163616849500394892e+03 1.764436930426239967e-17
7.166306735595600912e+03 1.985885397848264403e-17
7.168996621690806933e+03 2.146864706088202910e-17
7.171686507786012953e+03 1.765480265517138885e-17
7.174376393881218974e+03 1.882735216966415519e-17
7.177066279976424994e+03 1.799570993447479291e-17
7.179756166071631014e+03 1.787467654088159093e-17
7.182446052166837035e+03 1.881882941165042033e-17
7.185135938262043055e+03 1.853866504679641060e-17
7.187825824357249076e+03 1.879264402972514149e-17
7.190515710452455096e+03 1.262880376556086633e-17
7.193205596547661116e+03 1.496291721721945245e-17
7.195895482642867137e+03 1.662575114473460965e-17
7.198585368738073157e+03 1.405160254122728796e-17
7.201275254833279178e+03 1.471453536040732514e-17
7.203965140928485198e+03 1.767299645825976486e-17
7.206655027023691218e+03 1.501359993748721829e-17
7.209344913118897239e+03 1.397263331565324951e-17
7.212034799214103259e+03 1.666168623348684927e-17
7.214724685309309280e+03 1.431327941089273342e-17
7.217414571404515300e+03 1.601534938834600906e-17
7.220104457499721320e+03 1.434367914832827536e-17
7.222794343594927341e+03 1.531076046750896273e-17
7.225484229690133361e+03 1.634909618446840577e-17
7.228174115785339382e+03 1.940047135499062560e-17
7.230864001880545402e+03 1.958615201425337934e-17
7.233553887975751422e+03 2.047881913604889070e-17
7.236243774070957443e+03 1.952774516581577901e-17
7.238933660166163463e+03 1.544155690418551888e-17
7.241623546261369484e+03 1.504649090350973630e-17
7.244313432356575504e+03 1.158267781674638447e-17
7.247003318451781524e+03 1.709312114305079252e-17
7.249693204546987545e+03 1.725383516748703975e-17
7.252383090642193565e+03 1.373785805941932566e-17
7.255072976737399586e+03 1.627481531290823494e-17
7.257762862832605606e+03 1.601512136920337512e-17
7.260452748927811626e+03 1.833572765803976962e-17
7.263142635023017647e+03 1.588266962179124110e-17
7.265832521118223667e+03 1.505725906727078929e-17
7.268522407213429688e+03 1.724186390969001696e-17
7.271212293308635708e+03 1.678084937496768720e-17
7.273902179403841728e+03 1.037631589584026122e-17
7.276592065499047749e+03 1.783798158379431136e-17
7.279281951594253769e+03 2.394650492116332143e-17
7.281971837689459790e+03 2.078735055470978516e-17
7.284661723784665810e+03 2.149430764043088278e-17
7.287351609879871830e+03 1.761225673563849660e-17
7.290041495975077851e+03 1.677825888891646487e-17
7.292731382070283871e+03 1.617782747590961312e-17
7.295421268165489892e+03 1.563525822646479354e-17
7.298111154260695912e+03 1.728514816450120641e-17
7.300801040355901932e+03 1.468860330969789269e-17
7.303490926451107953e+03 1.496433713438397922e-17
7.306180812546313973e+03 1.474492600097055048e-17
7.308870698641519994e+03 1.911294755285165315e-17
7.311560584736726014e+03 2.580598415121246804e-17
7.314250470831932034e+03 2.189136617803429693e-17
7.316940356927138055e+03 1.849400981923098138e-17
7.319630243022344075e+03 2.320851772957995606e-17
7.322320129117550096e+03 2.337597967779384933e-17
7.325010015212756116e+03 1.806671161558998202e-17
7.327699901307962136e+03 2.146024437616165982e-17
7.330389787403168157e+03 2.536342030636839795e-17
7.333079673498374177e+03 2.512718520185100078e-17
7.335769559593580198e+03 2.338248982679062038e-17
7.338459445688786218e+03 2.179317280477308970e-17
7.341149331783992238e+03 2.384375488214002519e-17
7.343839217879198259e+03 2.556599687285056507e-17
7.346529103974404279e+03 2.604931274931473108e-17
7.349218990069610300e+03 2.836559371127601749e-17
7.351908876164816320e+03 1.886094135932284314e-17
7.354598762260022340e+03 1.687980801070447046e-17
7.357288648355228361e+03 2.531676036974153320e-17
7.359978534450434381e+03 2.253371748155635082e-17
7.362668420545640402e+03 1.861829738819390210e-17
7.365358306640846422e+03 1.997090218634487823e-17
7.368048192736052442e+03 1.478884202822249164e-17
7.370738078831258463e+03 2.313917587897869175e-17
7.373427964926464483e+03 2.030712746728585201e-17
7.376117851021670504e+03 2.226596242028344754e-17
7.378807737116876524e+03 2.285256721896972087e-17
7.381497623212082544e+03 2.208996367446768605e-17
7.384187509307288565e+03 2.076728406950757027e-17
7.386877395402494585e+03 2.151467004089820167e-17
7.389567281497700606e+03 2.368738724347854513e-17
7.392257167592906626e+03 2.427610407369398154e-17
7.394947053688112646e+03 2.184179452579210078e-17
7.397636939783318667e+03 2.419768451454629095e-17
7.400326825878524687e+03 2.465998719924146631e-17
7.403016711973730708e+03 1.607631615716937384e-17
7.405706598068936728e+03 1.796050896968836746e-17
7.408396484164142748e+03 2.240618092111983082e-17
7.411086370259348769e+03 2.043952109687972147e-17
7.413776256354554789e+03 2.409561723928631474e-17
7.416466142449760810e+03 2.560208197963590070e-17
7.419156028544966830e+03 1.885961380488845337e-17
7.421845914640172850e+03 2.580110205263498087e-17
7.424535800735378871e+03 1.875574008687293896e-17
7.427225686830584891e+03 2.761708116123595142e-17
7.429915572925790912e+03 2.660512479938835350e-17
7.432605459020996932e+03 1.837656730800521885e-17
7.435295345116202952e+03 2.570504600705431068e-17
7.437985231211408973e+03 2.318601565731036525e-17
7.440675117306614993e+03 2.218471900367481634e-17
7.443365003401821014e+03 2.276751910117762642e-17
7.446054889497027034e+03 2.685584210149556161e-17
7.448744775592233054e+03 2.422478364539042240e-17
7.451434661687439075e+03 2.272627027230624085e-17
7.454124547782645095e+03 2.193738866071476348e-17
7.456814433877851116e+03 2.160475625059951521e-17
7.459504319973057136e+03 2.402603485714028656e-17
7.462194206068263156e+03 1.999947549987204217e-17
7.464884092163469177e+03 2.400328804200632135e-17
7.467573978258675197e+03 2.519004271965075175e-17
7.470263864353881218e+03 2.577733256813551209e-17
7.472953750449087238e+03 3.440830647450229261e-17
7.475643636544293258e+03 2.783466661147503506e-17
7.478333522639499279e+03 2.692894645530308071e-17
7.481023408734705299e+03 2.475184815692869996e-17
7.483713294829911320e+03 2.120190920821578210e-17
7.486403180925117340e+03 2.517772378097784672e-17
7.489093067020323360e+03 2.843339303318272251e-17
7.491782953115529381e+03 2.742983637146948459e-17
7.494472839210735401e+03 2.659531296283455984e-17
7.497162725305941422e+03 2.559653393513804415e-17
7.499852611401147442e+03 2.073497562913004196e-17
7.502542497496353462e+03 2.971028130836832841e-17
7.505232383591559483e+03 2.840001540876094937e-17
7.507922269686765503e+03 2.556116008023361621e-17
7.510612155781971524e+03 1.971083208998999002e-17
7.513302041877177544e+03 2.267081752357448982e-17
7.515991927972383564e+03 2.489202634105607384e-17
7.518681814067589585e+03 2.090694957564940093e-17
7.521371700162795605e+03 2.074605292486751683e-17
7.524061586258001626e+03 2.455056491101871425e-17
7.526751472353207646e+03 1.912447092876135253e-17
7.529441358448413666e+03 2.637346572973628810e-17
7.532131244543619687e+03 2.681686595980127744e-17
7.534821130638825707e+03 1.936552360033644265e-17
7.537511016734031728e+03 2.296111896724867251e-17
7.540200902829237748e+03 2.576997099768645384e-17
7.542890788924443768e+03 2.365818537755550895e-17
7.545580675019649789e+03 2.395662473245248013e-17
7.548270561114855809e+03 1.991530776826604762e-17
7.550960447210061830e+03 2.022593323714084533e-17
7.553650333305267850e+03 2.567556802428751982e-17
7.556340219400473870e+03 2.458271354023811510e-17
7.559030105495679891e+03 2.380315239571133636e-17
7.561719991590885911e+03 2.534585976796939716e-17
7.564409877686091932e+03 2.434226567334613898e-17
7.567099763781297952e+03 1.991971973749257145e-17
7.569789649876503972e+03 2.229281351482980317e-17
7.572479535971709993e+03 2.004308231132567918e-17
7.575169422066916013e+03 2.213336887902966329e-17
7.577859308162122034e+03 2.471507486959450405e-17
7.580549194257328054e+03 2.035720036077854754e-17
7.583239080352534074e+03 2.269655837800483893e-17
7.585928966447740095e+03 2.279100070503796745e-17
7.588618852542946115e+03 1.674853277901187173e-17
7.591308738638152136e+03 1.483635331316601011e-17
7.593998624733358156e+03 1.395057891265365956e-17
7.596688510828564176e+03 1.178296749445928992e-17
7.599378396923770197e+03 2.995468939628672604e-18
7.602068283018976217e+03 8.839042088278140603e-18
7.604758169114182238e+03 2.026549232646445786e-18
7.607448055209388258e+03 2.531129396496326071e-18
7.610137941304594278e+03 5.715706906237578227e-18
7.612827827399800299e+03 8.465945883727250142e-18
7.615517713495006319e+03 9.720019232782806573e-18
7.618207599590212340e+03 1.169729305547477780e-17
7.620897485685418360e+03 1.611948914485591992e-17
7.623587371780624380e+03 1.439551168503089979e-17
7.626277257875830401e+03 1.091146720713594567e-17
7.628967143971036421e+03 1.040937308890821737e-17
7.631657030066242442e+03 1.319932008446673889e-17
7.634346916161448462e+03 1.146547633112101436e-17
7.637036802256654482e+03 5.201400818193913661e-18
7.639726688351860503e+03 9.280495134704296754e-18
7.642416574447066523e+03 8.206121408802449397e-18
7.645106460542272544e+03 1.189122932976865207e-17
7.647796346637478564e+03 1.274048104204311631e-17
7.650486232732684584e+03 1.917294583529611951e-17
7.653176118827890605e+03 1.431304165478671055e-17
7.655866004923096625e+03 1.173629076459839258e-17
7.658555891018302646e+03 1.387379017371874960e-17
7.661245777113508666e+03 1.660914834459751465e-17
7.663935663208714686e+03 1.743008345120964226e-17
7.666625549303920707e+03 1.645388076861172601e-17
7.669315435399126727e+03 1.510174645885414604e-17
7.672005321494332748e+03 1.421108614996410409e-17
7.674695207589538768e+03 1.940682077662114289e-17
7.677385093684744788e+03 1.737396547800508275e-17
7.680074979779950809e+03 1.971256351492333422e-17
7.682764865875156829e+03 1.809673638236614810e-17
7.685454751970362850e+03 2.721219096843997752e-17
7.688144638065568870e+03 1.133175772493896475e-17
7.690834524160774890e+03 1.814519229127299367e-17
7.693524410255980911e+03 1.508920261121793772e-17
7.696214296351186931e+03 1.742490810086780707e-17
7.698904182446392952e+03 1.332841097552973647e-17
7.701594068541598972e+03 1.223164242367268202e-17
7.704283954636804992e+03 2.465857503974676958e-17
7.706973840732011013e+03 2.175084977672002678e-17
7.709663726827217033e+03 2.243345508147407708e-17
7.712353612922423054e+03 2.463085849036327814e-17
7.715043499017629074e+03 2.204229415309519887e-17
7.717733385112835094e+03 1.548966472328150606e-17
7.720423271208041115e+03 1.377174659261266171e-17
7.723113157303247135e+03 1.546235413015074297e-17
7.725803043398453156e+03 1.569756597552938373e-17
7.728492929493659176e+03 1.287427907785162615e-17
7.731182815588865196e+03 1.971836856351621945e-17
7.733872701684071217e+03 2.071331333604685431e-17
7.736562587779277237e+03 2.104826393631415419e-17
7.739252473874483258e+03 2.272787854140329328e-17
7.741942359969689278e+03 1.993029604097721776e-17
7.744632246064895298e+03 1.546322570685631928e-17
7.747322132160101319e+03 1.868703692895891053e-17
7.750012018255307339e+03 1.852093354796077976e-17
7.752701904350513360e+03 1.222763957098375451e-17
7.755391790445719380e+03 1.737050301213272561e-17
7.758081676540925400e+03 1.345707357163775963e-17
7.760771562636131421e+03 1.107394864004345306e-17
7.763461448731337441e+03 2.312956264749062521e-17
7.766151334826543462e+03 1.645278241882186417e-17
7.768841220921749482e+03 1.069366839595027074e-17
7.771531107016955502e+03 1.482735820067128819e-17
7.774220993112161523e+03 1.215430678883055436e-17
7.776910879207367543e+03 1.039317411026056926e-17
7.779600765302573564e+03 1.264235751271826799e-17
7.782290651397779584e+03 9.581042955106074468e-18
7.784980537492985604e+03 1.709606319909999434e-17
7.787670423588191625e+03 1.619570727405946024e-17
7.790360309683397645e+03 2.141236531948982402e-17
7.793050195778603666e+03 1.847900448405254834e-17
7.795740081873809686e+03 1.387652176927475605e-17
7.798429967969015706e+03 9.553355104942832555e-18
7.801119854064221727e+03 1.005424565089285495e-17
7.803809740159427747e+03 1.081055793472980334e-17
7.806499626254633768e+03 1.119445129836576885e-17
7.809189512349839788e+03 9.679495483940186223e-18
7.811879398445045808e+03 7.323804715452514463e-18
7.814569284540251829e+03 1.533625907527576747e-17
7.817259170635457849e+03 2.234593635269179593e-17
7.819949056730663870e+03 1.275102737912913189e-17
7.822638942825869890e+03 1.188286170872848296e-17
7.825328828921075910e+03 1.038515868641036822e-17
7.828018715016281931e+03 9.651007963568820721e-18
7.830708601111487951e+03 7.309129684215924217e-18
7.833398487206693972e+03 1.189250328672534783e-17
7.836088373301899992e+03 8.452616696276150214e-18
7.838778259397106012e+03 9.909089658428347333e-18
7.841468145492312033e+03 9.725910328465621494e-18
7.844158031587518053e+03 6.523225718356975085e-18
7.846847917682724074e+03 7.692756650438247574e-18
7.849537803777930094e+03 7.695054079530291847e-18
7.852227689873136114e+03 1.642119148718569147e-17
7.854917575968342135e+03 1.446196466497620844e-17
7.857607462063548155e+03 1.197781269352592760e-17
7.860297348158754176e+03 1.488689608100646788e-17
7.862987234253960196e+03 1.399139249272031987e-17
7.865677120349166216e+03 1.397018912302181411e-17
7.868367006444372237e+03 1.881732220718494986e-17
7.871056892539578257e+03 1.622856521416816476e-17
7.873746778634784278e+03 1.268522033093384001e-17
7.876436664729990298e+03 1.592639388164840488e-17
7.879126550825196318e+03 1.633976525507883011e-17
7.881816436920402339e+03 1.622809659675240964e-17
7.884506323015608359e+03 1.972804971571768903e-17
7.887196209110814380e+03 2.469761982910474464e-17
7.889886095206020400e+03 2.068231727137995878e-17
7.892575981301226420e+03 1.649333653438139918e-17
7.895265867396432441e+03 1.851884881666870982e-17
7.897955753491638461e+03 1.947750246786055959e-17
7.900645639586844482e+03 1.709702564361615518e-17
7.903335525682050502e+03 2.177003435712929651e-17
7.906025411777256522e+03 2.492300967047342690e-17
7.908715297872462543e+03 2.470104831873277090e-17
7.911405183967668563e+03 2.905230114810798645e-17
7.914095070062874584e+03 2.371055761381508490e-17
7.916784956158080604e+03 2.743166356622017401e-17
7.919474842253286624e+03 3.030883451475152885e-17
7.922164728348492645e+03 3.124711848360407319e-17
7.924854614443698665e+03 2.922782983368494088e-17
7.927544500538904686e+03 2.651348899773022291e-17
7.930234386634110706e+03 2.418408040060419936e-17
7.932924272729316726e+03 2.834139360793436354e-17
7.935614158824522747e+03 2.758999246545235449e-17
7.938304044919728767e+03 3.627113984645539238e-17
7.940993931014934788e+03 3.326279528237036290e-17
7.943683817110140808e+03 2.955052531957436757e-17
7.946373703205346828e+03 2.914889231719107364e-17
7.949063589300552849e+03 3.009075199717321141e-17
7.951753475395758869e+03 3.474914354440563883e-17
7.954443361490964890e+03 2.441322026449768895e-17
7.957133247586170910e+03 2.456616979463419533e-17
7.959823133681376930e+03 2.353857262540550239e-17
7.962513019776582951e+03 3.154535573659350280e-17
7.965202905871788971e+03 3.235133612012725094e-17
7.967892791966994992e+03 3.249069556654698157e-17
7.970582678062201012e+03 2.646828002560159948e-17
7.973272564157407032e+03 3.303803216282472646e-17
7.975962450252613053e+03 2.557653487938074794e-17
7.978652336347819073e+03 3.030789770503055990e-17
7.981342222443025094e+03 2.822862238764623285e-17
7.984032108538231114e+03 3.342142729883667705e-17
7.986721994633437134e+03 2.471279378439295913e-17
7.989411880728643155e+03 2.879336952134508609e-17
7.992101766823849175e+03 2.816428842156593051e-17
7.994791652919055196e+03 2.536367700256518515e-17
7.997481539014261216e+03 2.911938231724418670e-17
8.000171425109467236e+03 3.793712761676987768e-17
8.002861311204673257e+03 2.880719664126743412e-17
8.005551197299879277e+03 3.502609370576547520e-17
8.008241083395085298e+03 2.535703417887275919e-17
8.010930969490291318e+03 1.734742283833135470e-17
8.013620855585497338e+03 2.781601360341513421e-17
8.016310741680703359e+03 2.931757126923806884e-17
8.019000627775909379e+03 3.846536173367382104e-17
8.021690513871115400e+03 3.747417473000583049e-17
8.024380399966321420e+03 3.258393913078772915e-17
8.027070286061527440e+03 2.873262691725575550e-17
8.029760172156733461e+03 2.161501274347596672e-17
8.032450058251939481e+03 2.617125054248969910e-17
8.035139944347145502e+03 2.702525820621964162e-17
8.037829830442351522e+03 2.287383479249419009e-17
8.040519716537557542e+03 2.139240887963557585e-17
8.043209602632763563e+03 2.941513185471266111e-17
8.045899488727969583e+03 2.865356779281995981e-17
8.048589374823175604e+03 2.662131043363666702e-17
8.051279260918381624e+03 2.770823237644156281e-17
8.053969147013587644e+03 2.764782771023315668e-17
8.056659033108793665e+03 2.931534737876916326e-17
8.059348919203999685e+03 2.421257054511700423e-17
8.062038805299205706e+03 2.503800463776181561e-17
8.064728691394411726e+03 2.423129555839753599e-17
8.067418577489617746e+03 2.304459324065693989e-17
8.070108463584823767e+03 2.390550977905224865e-17
8.072798349680029787e+03 3.202112642067514255e-17
8.075488235775235808e+03 3.002038550068054765e-17
8.078178121870441828e+03 2.704411340832164973e-17
8.080868007965647848e+03 2.708921972436072623e-17
8.083557894060853869e+03 2.753616049022664963e-17
8.086247780156059889e+03 2.336330567293322092e-17
8.088937666251265910e+03 1.903160226399836812e-17
8.091627552346471930e+03 1.836289256322845663e-17
8.094317438441677950e+03 1.786776984141898595e-17
8.097007324536883971e+03 1.834274951295921586e-17
8.099697210632089991e+03 2.448687673090576089e-17
8.102387096727296012e+03 2.384313127816413047e-17
8.105076982822502032e+03 2.177432198198736098e-17
8.107766868917708052e+03 2.441172678686841870e-17
8.110456755012914073e+03 2.403650512287961425e-17
8.113146641108120093e+03 1.668466772107097940e-17
8.115836527203326114e+03 1.969810482578105578e-17
8.118526413298532134e+03 1.885733128243544549e-17
8.121216299393738154e+03 1.852907348217753454e-17
8.123906185488944175e+03 1.491585800620670041e-17
8.126596071584150195e+03 2.069648715837210301e-17
8.129285957679356216e+03 2.370970303335655154e-17
8.131975843774562236e+03 2.641085674254291108e-17
8.134665729869768256e+03 2.525420576066935675e-17
8.137355615964974277e+03 2.605859624675990025e-17
8.140045502060180297e+03 2.716192747386574844e-17
8.142735388155386318e+03 2.034025397701726826e-17
8.145425274250592338e+03 1.062600191430679417e-17
8.148115160345798358e+03 1.860011246996207588e-17
8.150805046441004379e+03 1.502663757533763318e-17
8.153494932536210399e+03 1.368652158920712274e-17
8.156184818631416420e+03 2.051206645416951007e-17
8.158874704726622440e+03 2.025504876786156981e-17
8.161564590821828460e+03 2.229655282505062416e-17
8.164254476917034481e+03 1.938187863365043444e-17
8.166944363012240501e+03 8.552915174913394110e-18
8.169634249107446522e+03 1.594358201926290321e-17
8.172324135202652542e+03 9.436409853336330042e-18
8.175014021297858562e+03 1.448822825921099275e-17
8.177703907393064583e+03 1.417731663928797258e-17
8.180393793488270603e+03 1.466149258095590433e-17
8.183083679583476624e+03 1.108582513695814625e-17
8.185773565678682644e+03 1.520994468333787039e-17
8.188463451773888664e+03 8.986312920857686364e-18
8.191153337869094685e+03 1.450756270612891884e-17
8.193843223964300705e+03 1.018874409338754532e-17
8.196533110059506726e+03 1.396958623814292386e-17
8.199222996154712746e+03 1.768162152854500683e-17
8.201912882249918766e+03 1.884203040352748829e-17
8.204602768345124787e+03 1.649287111565280478e-17
8.207292654440330807e+03 1.526033606226877228e-17
8.209982540535536828e+03 1.573302214936965322e-17
8.212672426630742848e+03 1.627565450124977933e-17
8.215362312725948868e+03 1.825822695566178427e-17
8.218052198821154889e+03 1.617135015936843477e-17
8.220742084916360909e+03 1.511923717797372021e-17
8.223431971011566930e+03 1.727088408495531016e-17
8.226121857106772950e+03 1.644536538530203510e-17
8.228811743201978970e+03 1.462653218145485596e-17
8.231501629297184991e+03 1.216785047362398889e-17
8.234191515392391011e+03 1.478582897287462645e-17
8.236881401487597032e+03 2.065053101425349157e-17
8.239571287582803052e+03 1.979083717341864537e-17
8.242261173678009072e+03 1.526198667825547425e-17
8.244951059773215093e+03 1.017459246537512105e-17
8.247640945868421113e+03 9.010285129642478268e-18
8.250330831963627134e+03 1.439720079076355061e-17
8.253020718058833154e+03 1.851910955808955031e-17
8.255710604154039174e+03 1.992467644560370792e-17
8.258400490249245195e+03 2.275041656138134787e-17
8.261090376344451215e+03 2.069793596017269550e-17
8.263780262439657236e+03 1.961166646478642053e-17
8.266470148534863256e+03 1.941274634477193964e-17
8.269160034630069276e+03 1.505923542318571201e-17
8.271849920725275297e+03 1.271058231780744717e-17
8.274539806820481317e+03 1.425433729280428646e-17
8.277229692915687338e+03 1.805544202888108343e-17
8.279919579010893358e+03 3.109670294853922162e-17
8.282609465106099378e+03 3.183623187067899337e-17
8.285299351201305399e+03 1.968695624187385934e-17
8.287989237296511419e+03 1.752244970342598809e-17
8.290679123391717440e+03 1.438960770714483525e-17
8.293369009486923460e+03 2.122950626366867437e-17
8.296058895582129480e+03 7.544561845679685497e-18
8.298748781677335501e+03 1.063177819128691414e-17
8.301438667772541521e+03 1.349647124169831707e-17
8.304128553867747542e+03 8.835366859483766769e-18
8.306818439962953562e+03 1.193077397968300919e-17
8.309508326058159582e+03 1.574655294289840090e-17
8.312198212153365603e+03 1.817965334320066704e-18
8.314888098248571623e+03 1.156455506361042126e-17
8.317577984343777644e+03 1.932470269859495909e-17
8.320267870438983664e+03 2.177471640585944481e-17
8.322957756534189684e+03 1.460104548699150465e-17
8.325647642629395705e+03 1.190608107188435544e-17
8.328337528724601725e+03 1.188620288061927493e-17
8.331027414819807746e+03 7.521528381555827988e-18
8.333717300915013766e+03 6.633717022139209294e-18
8.336407187010219786e+03 1.660489942338783146e-17
8.339097073105425807e+03 1.985865489798834046e-17
8.341786959200631827e+03 7.636134782198510450e-18
8.344476845295837848e+03 -5.063752573345251752e-18
8.347166731391043868e+03 1.978213216016544506e-17
8.349856617486249888e+03 2.501462515845031897e-17
8.352546503581455909e+03 1.716825802565005910e-17
8.355236389676661929e+03 1.310765034563428393e-17
8.357926275771867950e+03 7.850766586234887636e-18
8.360616161867073970e+03 1.299709249631052043e-17
8.363306047962279990e+03 1.527617617633607322e-17
8.365995934057486011e+03 1.618654059823899824e-17
8.368685820152692031e+03 1.725643087460731006e-17
8.371375706247898052e+03 1.755807666510842926e-17
8.374065592343104072e+03 8.882732317370158603e-18
8.376755478438310092e+03 3.076738615275789608e-18
8.379445364533516113e+03 5.634109945196235608e-18
8.382135250628722133e+03 1.096925938066922618e-17
8.384825136723928154e+03 1.769319809476738451e-17
8.387515022819134174e+03 1.383734914481781569e-17
8.390204908914340194e+03 1.414579065439335409e-17
8.392894795009546215e+03 1.778760751973041062e-17
8.395584681104752235e+03 1.226686645011594229e-17
8.398274567199958256e+03 1.008616967510436550e-17
8.400964453295164276e+03 1.309381491291114350e-17
8.403654339390370296e+03 3.002426037534551843e-17
8.406344225485576317e+03 2.741393658941907541e-17
8.409034111580782337e+03 2.406922349201151208e-17
8.411723997675988358e+03 1.243363035133998168e-17
8.414413883771194378e+03 1.345438636374650951e-17
8.417103769866400398e+03 1.418708893145063873e-17
8.419793655961606419e+03 1.682822405931645421e-18
8.422483542056812439e+03 -3.276244894089634448e-18
8.425173428152018460e+03 5.604759909641902749e-18
8.427863314247224480e+03 -5.075098055234162681e-18
8.430553200342430500e+03 2.621440589454253647e-18
8.433243086437636521e+03 9.200681829223437894e-18
8.435932972532842541e+03 3.537007506244165723e-17
8.438622858628048562e+03 4.010815592523570810e-17
8.441312744723254582e+03 2.184232409501666008e-17
8.444002630818460602e+03 1.638320972119834655e-17
8.446692516913666623e+03 8.332121746293757668e-18
8.449382403008872643e+03 1.996859956876065834e-18
8.452072289104078664e+03 8.923285002336914659e-18
8.454762175199284684e+03 8.921029581621386353e-18
8.457452061294490704e+03 1.285488251712867332e-17
8.460141947389696725e+03 3.267118500640525350e-17
8.462831833484902745e+03 1.911109196632741140e-17
8.465521719580108766e+03 1.514268353831015770e-17
8.468211605675314786e+03 1.895683272830828774e-17
8.470901491770520806e+03 2.396859872302701287e-17
8.473591377865726827e+03 2.034194197808563730e-17
8.476281263960932847e+03 2.065572978929607284e-17
8.478971150056138868e+03 2.172991082144671077e-17
8.481661036151344888e+03 1.179744398983397282e-17
8.484350922246550908e+03 8.237803101800537943e-18
8.487040808341756929e+03 1.884460937831594263e-18
8.489730694436962949e+03 -4.379498777887698935e-18
8.492420580532168970e+03 -4.412910245756582987e-18
8.495110466627374990e+03 1.009599569846945037e-18
8.497800352722581010e+03 1.199730834707677263e-17
8.500490238817787031e+03 2.052071772702727414e-17
8.503180124912993051e+03 2.001803694018055560e-17
8.505870011008199072e+03 8.330709268640059431e-18
8.508559897103405092e+03 8.042335923321575723e-19
8.511249783198611112e+03 4.590282616125202685e-18
8.513939669293817133e+03 1.160491335324175252e-17
8.516629555389023153e+03 1.189680013084779418e-17
8.519319441484229174e+03 8.516001279656162377e-18
8.522009327579435194e+03 2.915328545155723018e-18
8.524699213674641214e+03 -6.473654799489692536e-19
8.527389099769847235e+03 3.864373105322495892e-18
8.530078985865053255e+03 1.170687223862249235e-17
8.532768871960259276e+03 1.246893864500447850e-17
8.535458758055465296e+03 1.716289827062722380e-17
8.538148644150671316e+03 1.449354286440115186e-17
8.540838530245877337e+03 1.911685630268581556e-17
8.543528416341083357e+03 8.656815774784705838e-18
8.546218302436289378e+03 5.482630997001947123e-18
8.548908188531495398e+03 7.327196904118490341e-18
8.551598074626701418e+03 3.900527261373715982e-18
8.554287960721907439e+03 1.465720298404069271e-18
8.556977846817113459e+03 1.042625977137693390e-17
8.559667732912319480e+03 6.837021635595119499e-18
8.562357619007525500e+03 -1.757164081907485980e-18
8.565047505102731520e+03 3.609196789017988355e-18
8.567737391197937541e+03 1.876678480939264605e-18
8.570427277293143561e+03 3.815547433620868642e-18
8.573117163388349582e+03 4.115673508053728483e-18
8.575807049483555602e+03 1.940193942855901841e-17
8.578496935578761622e+03 1.951553997399531698e-17
8.581186821673967643e+03 1.866804422255555832e-17
8.583876707769173663e+03 1.001488859726318076e-17
8.586566593864379684e+03 3.162884514913815811e-18
8.589256479959585704e+03 2.097779930687296488e-18
8.591946366054791724e+03 2.439250736591421082e-18
8.594636252149997745e+03 1.461033809045293911e-17
8.597326138245203765e+03 1.929659764069527445e-17
8.600016024340409786e+03 2.126608335330051945e-17
8.602705910435615806e+03 1.758969255569658387e-17
8.605395796530821826e+03 1.181875678327747461e-17
8.608085682626027847e+03 1.023277527206765208e-17
8.610775568721233867e+03 1.311848465957206023e-17
8.613465454816439888e+03 1.736227089485433767e-17
8.616155340911645908e+03 1.897526215334780952e-17
8.618845227006851928e+03 1.778612937569449243e-17
8.621535113102057949e+03 7.624565759993563830e-18
8.624224999197263969e+03 1.190739082186895994e-17
8.626914885292469990e+03 1.131414069924984804e-17
8.629604771387676010e+03 1.028572767331483663e-17
8.632294657482882030e+03 2.173203296185493182e-17
8.634984543578088051e+03 3.767884576932508667e-17
8.637674429673294071e+03 3.105650363322514250e-17
8.640364315768500092e+03 1.136223615304830674e-17
8.643054201863706112e+03 -5.159449870471459023e-19
8.645744087958912132e+03 2.658284989979465605e-19
8.648433974054118153e+03 7.633373910638289767e-18
8.651123860149324173e+03 4.999583195995181055e-18
8.653813746244530194e+03 1.012801627878900469e-17
8.656503632339736214e+03 2.361488653138845519e-17
8.659193518434942234e+03 2.303481674521126997e-17
8.661883404530148255e+03 2.401908138070086509e-17
8.664573290625354275e+03 1.906703394781671311e-17
8.667263176720560296e+03 2.093880894790814799e-17
8.669953062815766316e+03 3.417075941402897457e-17
8.672642948910972336e+03 3.155938159803160984e-17
8.675332835006178357e+03 1.404777724063781343e-17
8.678022721101384377e+03 7.770039192384427486e-18
8.680712607196590398e+03 7.177775759940879561e-18
8.683402493291796418e+03 1.155304483651557205e-17
8.686092379387002438e+03 1.081341626105150520e-17
8.688782265482208459e+03 1.767778727724587255e-17
8.691472151577414479e+03 2.762901706089319563e-17
8.694162037672620500e+03 3.026290552902262007e-17
8.696851923767826520e+03 2.973409583958537681e-17
8.699541809863032540e+03 2.361578373380211274e-17
8.702231695958238561e+03 1.195687102591048022e-17
8.704921582053444581e+03 9.999455986506040920e-18
8.707611468148650602e+03 7.473532802048862395e-18
8.710301354243856622e+03 1.342031260992528059e-17
8.712991240339062642e+03 2.434383628802979889e-17
8.715681126434268663e+03 2.817503997279595492e-17
8.718371012529474683e+03 3.029986709359060802e-17
8.721060898624680704e+03 3.235018333975935321e-17
8.723750784719886724e+03 3.299202059405919966e-17
8.726440670815092744e+03 2.710084387004122096e-17
8.729130556910298765e+03 2.347105233102391480e-17
8.731820443005504785e+03 1.490969316535873538e-17
8.734510329100710806e+03 1.167916813592546449e-17
8.737200215195916826e+03 1.313657633371283719e-17
8.739890101291122846e+03 1.974526557764400119e-17
8.742579987386328867e+03 2.534525100199675284e-17
8.745269873481534887e+03 2.529933252484696089e-17
8.747959759576740908e+03 2.571837108885004213e-17
8.750649645671946928e+03 3.558252436952063862e-17
8.753339531767152948e+03 3.538162720614161314e-17
8.756029417862358969e+03 4.507502597500470239e-17
8.758719303957564989e+03 6.639695976478449019e-17
8.761409190052771010e+03 6.087790094448817214e-17
8.764099076147977030e+03 3.926794572785380017e-17
8.766788962243183050e+03 1.935947095924467500e-17
8.769478848338389071e+03 1.688206017688540099e-17
8.772168734433595091e+03 2.635518950136676113e-17
8.774858620528801112e+03 3.440089122028301351e-17
8.777548506624007132e+03 3.495598821949121379e-17
8.780238392719213152e+03 3.719974298949248978e-17
8.782928278814419173e+03 3.226394268872036978e-17
8.785618164909625193e+03 2.839428875653645416e-17
8.788308051004831214e+03 2.600652476461509744e-17
8.790997937100037234e+03 2.274473115141790096e-17
8.793687823195243254e+03 2.554004682120729957e-17
8.796377709290449275e+03 3.883282976610712610e-17
8.799067595385655295e+03 5.056877362360180962e-17
8.801757481480861316e+03 5.365851076989081851e-17
8.804447367576067336e+03 5.113575230682477494e-17
8.807137253671273356e+03 4.991553987217225286e-17
8.809827139766479377e+03 4.736653442654875199e-17
8.812517025861685397e+03 4.981639053310710109e-17
8.815206911956891418e+03 4.592585538683266396e-17
8.817896798052097438e+03 3.969714704940410420e-17
8.820586684147303458e+03 4.682922590912534380e-17
8.823276570242509479e+03 5.558967417644460158e-17
8.825966456337715499e+03 7.624218578568153288e-17
8.828656342432921520e+03 7.343445087242941971e-17
8.831346228528127540e+03 5.834730217810834627e-17
8.834036114623333560e+03 6.020950966554476665e-17
8.836726000718539581e+03 7.596464184583235683e-17
8.839415886813745601e+03 8.250194788936721439e-17
8.842105772908951622e+03 6.191461282812012334e-17
8.844795659004157642e+03 5.991993904695582278e-17
8.847485545099363662e+03 6.068412743615040279e-17
8.850175431194569683e+03 5.581322715685502127e-17
8.852865317289775703e+03 5.072137142932547660e-17
8.855555203384981724e+03 5.565243103368770413e-17
8.858245089480187744e+03 5.250062461008990627e-17
8.860934975575393764e+03 4.743083270966957033e-17
8.863624861670599785e+03 5.047241963336055535e-17
8.866314747765805805e+03 5.384031309707652640e-17
8.869004633861011826e+03 5.998160593705909793e-17
8.871694519956217846e+03 6.205222297818838707e-17
8.874384406051423866e+03 5.463023559560298789e-17
8.877074292146629887e+03 4.442130652095753844e-17
8.879764178241835907e+03 3.338095492108549219e-17
8.882454064337041928e+03 2.254319390412596418e-17
8.885143950432247948e+03 1.919263279666046585e-17
8.887833836527453968e+03 3.701636566467174996e-17
8.890523722622659989e+03 5.522012219609620190e-17
8.893213608717866009e+03 6.849696799726564036e-17
8.895903494813072030e+03 5.371404485563757356e-17
8.898593380908278050e+03 3.011663930003196385e-17
8.901283267003484070e+03 1.834089020401906481e-17
8.903973153098690091e+03 2.949668315087426592e-17
8.906663039193896111e+03 5.452203590439880447e-17
8.909352925289102132e+03 8.676328964877612773e-17
8.912042811384308152e+03 1.141213275364711855e-16
8.914732697479514172e+03 1.452080275941965071e-16
8.917422583574720193e+03 1.659734046573015085e-16
8.920112469669926213e+03 1.345349439433581513e-16
8.922802355765132234e+03 6.461106625716694580e-17
8.925492241860338254e+03 4.807612425257673595e-17
8.928182127955544274e+03 4.451870193385383672e-17
8.930872014050750295e+03 4.077659389613169128e-17
8.933561900145956315e+03 3.824479806729324592e-17
8.936251786241162336e+03 3.677213875510380155e-17
8.938941672336368356e+03 2.406357306809692126e-17
8.941631558431574376e+03 2.650880412428303866e-17
8.944321444526780397e+03 4.647224333455700123e-17
8.947011330621986417e+03 5.610006281345800056e-17
8.949701216717192437e+03 6.146208225463121167e-17
8.952391102812398458e+03 6.607987920131536341e-17
8.955080988907604478e+03 7.853547758375427786e-17
8.957770875002810499e+03 7.115165798030025954e-17
8.960460761098016519e+03 6.010384042229762156e-17
8.963150647193222539e+03 6.788492475219478499e-17
8.965840533288428560e+03 9.163307638839238091e-17
8.968530419383634580e+03 1.231478839000646163e-16
8.971220305478840601e+03 1.161027288709692116e-16
8.973910191574046621e+03 8.703155398708959109e-17
8.976600077669252641e+03 5.791090950329063439e-17
8.979289963764458662e+03 3.455080558184793266e-17
8.981979849859664682e+03 2.838940706449895834e-17
8.984669735954870703e+03 3.445278575418795562e-17
8.987359622050076723e+03 4.820660079205589097e-17
8.990049508145282743e+03 5.923238452852674631e-17
8.992739394240488764e+03 5.508683994204797372e-17
8.995429280335694784e+03 3.237603976347939069e-17
8.998119166430900805e+03 2.412126096132401743e-17
9.000809052526106825e+03 3.832829095493740952e-18
9.003498938621312845e+03 3.187086937182687967e-20
9.006188824716518866e+03 1.976253653240224992e-17
9.008878710811724886e+03 5.227757206761427085e-17
9.011568596906930907e+03 5.628690980764360247e-17
9.014258483002136927e+03 5.109703127818028003e-17
9.016948369097342947e+03 4.535684890832188086e-17
9.019638255192548968e+03 4.449660892869355124e-17
9.022328141287754988e+03 3.269337233700389347e-17
9.025018027382961009e+03 3.890642975738937430e-17
9.027707913478167029e+03 4.111539935381813496e-17
9.030397799573373049e+03 4.038340951649779437e-17
9.033087685668579070e+03 3.585474215676519266e-17
9.035777571763785090e+03 3.263477841415617205e-17
9.038467457858991111e+03 3.226386723584391646e-17
9.041157343954197131e+03 3.347390747460748313e-17
9.043847230049403151e+03 3.362410430346272086e-17
9.046537116144609172e+03 4.000052166601024950e-17
9.049227002239815192e+03 3.786666143367869035e-17
9.051916888335021213e+03 3.141979977548415877e-17
9.054606774430227233e+03 2.335418812834539033e-17
9.057296660525433253e+03 2.137224665953612085e-17
9.059986546620639274e+03 2.936284770182191802e-17
9.062676432715845294e+03 3.497011785731995965e-17
9.065366318811051315e+03 3.857234514758711820e-17
9.068056204906257335e+03 4.298138053328644142e-17
9.070746091001463355e+03 3.794763924117280933e-17
9.073435977096669376e+03 3.678763846962764442e-17
9.076125863191875396e+03 2.843847467749869513e-17
9.078815749287081417e+03 1.383329324495968805e-17
9.081505635382287437e+03 1.326241539046431575e-17
9.084195521477493457e+03 1.532968515215245824e-17
9.086885407572699478e+03 2.102524265918462386e-17
9.089575293667905498e+03 1.682733525974667071e-17
9.092265179763111519e+03 2.388934302964918331e-17
9.094955065858317539e+03 1.569463354287855403e-17
9.097644951953523559e+03 1.536220636693095247e-17
9.100334838048729580e+03 2.011548625460069221e-17
9.103024724143935600e+03 1.920866220691014057e-17
9.105714610239141621e+03 2.358022000725931353e-17
9.108404496334347641e+03 2.197347075144042559e-17
9.111094382429553661e+03 9.039859447048571160e-18
9.113784268524759682e+03 3.931326987874321902e-18
9.116474154619965702e+03 1.640197845234071529e-18
9.119164040715171723e+03 -6.310823817454558963e-20
9.121853926810377743e+03 1.284181321478364277e-17
9.124543812905583763e+03 2.295851467459402955e-17
9.127233699000789784e+03 2.324253342101379577e-17
9.129923585095995804e+03 2.242265610805763063e-17
9.132613471191201825e+03 1.299174892155080663e-17
9.135303357286407845e+03 8.960110329849864959e-18
9.137993243381613865e+03 2.914336068516808318e-18
9.140683129476819886e+03 8.353260150036473451e-18
9.143373015572025906e+03 1.657096781856870260e-17
9.146062901667231927e+03 2.552381885888445797e-17
9.148752787762437947e+03 1.737962137921717771e-17
9.151442673857643967e+03 1.152848615667634909e-17
9.154132559952849988e+03 -1.241435890416105671e-17
9.156822446048056008e+03 -2.074128956257620378e-17
9.159512332143262029e+03 -1.083648538102686043e-17
9.162202218238468049e+03 -8.682102250536188400e-18
9.164892104333674069e+03 1.766022333431659593e-17
9.167581990428880090e+03 3.743280968479522847e-17
9.170271876524086110e+03 5.416437757609789467e-17
9.172961762619292131e+03 4.742222869531404321e-17
9.175651648714498151e+03 3.231351788895422009e-17
9.178341534809704171e+03 1.062695739451028005e-17
9.181031420904910192e+03 -8.575348138570938944e-18
9.183721307000116212e+03 -8.713352968551616294e-18
9.186411193095322233e+03 5.181755506096410097e-18
9.189101079190528253e+03 1.576064629972411545e-17
9.191790965285734273e+03 1.432494472097930726e-17
9.194480851380940294e+03 3.785131309953395522e-19
9.197170737476146314e+03 -7.825907983746818390e-18
9.199860623571352335e+03 -3.480179778636568800e-18
9.202550509666558355e+03 2.745960305378173846e-18
9.205240395761764375e+03 1.440044866654757862e-17
9.207930281856970396e+03 1.868082941437727178e-17
9.210620167952176416e+03 2.539987070161941180e-17
9.213310054047382437e+03 2.107197642966055482e-17
9.215999940142588457e+03 2.018822359385243844e-17
9.218689826237794477e+03 1.738441845389921130e-17
9.221379712333000498e+03 1.792931292870346360e-17
9.224069598428206518e+03 2.337500353871751034e-17
9.226759484523412539e+03 2.054945134298647639e-17
9.229449370618618559e+03 1.017183740272624996e-17
9.232139256713824579e+03 4.959120383278799312e-18
9.234829142809030600e+03 2.651939558464958140e-18
9.237519028904236620e+03 3.323124823481157105e-20
9.240208914999442641e+03 -3.199958501906143091e-18
9.242898801094648661e+03 1.497491116205784815e-18
9.245588687189854681e+03 1.155681100580424059e-17
9.248278573285060702e+03 2.428716645142976306e-17
9.250968459380266722e+03 2.928241476128973586e-17
9.253658345475472743e+03 2.286866291850789230e-17
9.256348231570678763e+03 1.599401140332218979e-17
9.259038117665884783e+03 1.870086539857056927e-17
9.261728003761090804e+03 1.093486907837964489e-17
9.264417889856296824e+03 9.367724560252155384e-18
9.267107775951502845e+03 1.715456754940634238e-17
9.269797662046708865e+03 1.945604271742115921e-17
9.272487548141914885e+03 2.532687321152537547e-17
9.275177434237120906e+03 1.843123385636464680e-17
9.277867320332326926e+03 2.199374340130024715e-17
9.280557206427532947e+03 1.884606037431663932e-17
9.283247092522738967e+03 2.167491698410433981e-17
9.285936978617944987e+03 2.918621673094788159e-17
9.288626864713151008e+03 3.598019841350371647e-17
9.291316750808357028e+03 3.152456788678853734e-17
9.294006636903563049e+03 3.338657391917416634e-17
9.296696522998769069e+03 1.769604767373443285e-17
9.299386409093975089e+03 -1.941760817307964226e-18
9.302076295189181110e+03 -1.528578716992273532e-17
9.304766181284387130e+03 -4.875795460400269178e-17
9.307456067379593151e+03 -4.886671950631917130e-17
9.310145953474799171e+03 -2.950262663469526229e-17
9.312835839570005191e+03 1.583675249108888666e-17
9.315525725665211212e+03 2.242379422335790634e-17
9.318215611760417232e+03 2.502218621452437215e-17
9.320905497855623253e+03 3.065834385488908243e-17
9.323595383950829273e+03 1.950659536643357418e-17
9.326285270046035293e+03 1.127602910992122710e-17
9.328975156141241314e+03 1.574755013324819401e-17
9.331665042236447334e+03 9.849300359029997904e-18
9.334354928331653355e+03 1.122710882355555026e-17
9.337044814426859375e+03 1.072273758036104832e-18
9.339734700522065395e+03 4.237343790629089541e-18
9.342424586617271416e+03 2.986356743567416404e-18
9.345114472712477436e+03 -1.819981002385600865e-18
9.347804358807683457e+03 -6.166571082251541676e-18
9.350494244902889477e+03 -4.634271835116201552e-18
9.353184130998095497e+03 -7.071300179816580374e-18
9.355874017093301518e+03 1.689281331514537544e-17
9.358563903188507538e+03 2.766183817608069525e-17
9.361253789283713559e+03 4.514047558121229025e-17
9.363943675378919579e+03 4.261513840808897575e-17
9.366633561474125599e+03 3.673254966445624315e-17
9.369323447569331620e+03 2.759488523351795248e-17
9.372013333664537640e+03 3.029258806934817804e-17
9.374703219759743661e+03 2.458198359701513584e-17
9.377393105854949681e+03 2.145303883157599579e-17
9.380082991950155701e+03 3.636868931945674901e-17
9.382772878045361722e+03 1.071685304336860250e-16
9.385462764140567742e+03 1.534876096840173189e-16
9.388152650235773763e+03 1.417368025648324798e-16
9.390842536330979783e+03 9.434564666826688543e-17
9.393532422426185803e+03 4.810152848471803720e-17
9.396222308521391824e+03 2.895587658168142073e-17
9.398912194616597844e+03 1.089052704704182175e-17
9.401602080711803865e+03 -4.998013568079523749e-18
9.404291966807009885e+03 -7.408258204639969534e-18
9.406981852902215905e+03 1.464154093756013119e-17
9.409671738997421926e+03 4.836025286308379109e-17
9.412361625092627946e+03 6.976255718230782270e-17
9.415051511187833967e+03 9.699568715878880180e-17
9.417741397283039987e+03 9.308549482905406129e-17
9.420431283378246007e+03 6.791240264477609395e-17
9.423121169473452028e+03 1.437193089301904169e-18
9.425811055568658048e+03 -2.248329017114102208e-17
9.428500941663864069e+03 -1.283193073220543834e-17
9.431190827759070089e+03 2.673942965459732469e-18
9.433880713854276109e+03 1.252615066867640882e-17
9.436570599949482130e+03 1.642896608567421301e-17
9.439260486044688150e+03 5.452776776642759883e-17
9.441950372139894171e+03 5.412834073379949954e-17
9.444640258235100191e+03 -1.191812244005693460e-17
9.447330144330306211e+03 -7.263845431050221739e-17
9.450020030425512232e+03 -1.076064081445975784e-16
9.452709916520718252e+03 -1.180774498349490520e-16
9.455399802615924273e+03 -1.205742156415377147e-16
9.458089688711130293e+03 -1.161309306026121332e-16
9.460779574806336313e+03 -5.894909851032591662e-17
9.463469460901542334e+03 1.262503267238390238e-17
9.466159346996748354e+03 8.124177238253570585e-17
9.468849233091954375e+03 1.009641627961017587e-16
9.471539119187160395e+03 5.622117888462939501e-17
9.474229005282366415e+03 5.302204895827884410e-17
9.476918891377572436e+03 4.311166367336623247e-17
9.479608777472778456e+03 1.692203992551845454e-18
9.482298663567984477e+03 3.753194463074930741e-17
9.484988549663190497e+03 1.249677887538839232e-16
9.487678435758396517e+03 1.633026968121458247e-16
9.490368321853602538e+03 1.200062139133321150e-16
9.493058207948808558e+03 5.366986444255620981e-17
9.495748094044014579e+03 -1.244580172618375961e-18
9.498437980139220599e+03 -3.531861890606463834e-17
9.501127866234426619e+03 -5.594714064678695677e-17
9.503817752329632640e+03 -4.965484332945723457e-17
9.506507638424838660e+03 -5.187138934248412879e-18
9.509197524520044681e+03 4.152789790520130944e-17
9.511887410615250701e+03 5.467175581976660905e-17
9.514577296710456721e+03 4.241483372803922820e-17
9.517267182805662742e+03 2.283871615580887875e-17
9.519957068900868762e+03 4.208330993086003619e-18
9.522646954996074783e+03 -5.850771885531488143e-18
9.525336841091280803e+03 -2.855615394171443961e-18
9.528026727186486823e+03 1.772200347254546726e-17
9.530716613281692844e+03 3.804406607694290471e-17
9.533406499376898864e+03 5.954120068678278041e-17
9.536096385472104885e+03 2.972900543419102532e-17
9.538786271567310905e+03 3.557135168793470289e-17
9.541476157662516925e+03 2.335352622436495694e-17
9.544166043757722946e+03 1.044334152011238423e-17
9.546855929852928966e+03 2.603191135923836167e-18
9.549545815948134987e+03 -6.109196986324535118e-18
9.552235702043341007e+03 -5.354715290547820662e-18
9.554925588138547027e+03 -6.001048914370212467e-18
9.557615474233753048e+03 1.324637643065746914e-17
9.560305360328959068e+03 3.387474002865103926e-17
9.562995246424165089e+03 4.940122286411491712e-17
9.565685132519371109e+03 6.321869234669317451e-17
9.568375018614577129e+03 6.710507471881958411e-17
9.571064904709783150e+03 3.841834238282766710e-17
9.573754790804989170e+03 5.239132479923476517e-18
9.576444676900195191e+03 -5.690054206579659664e-18
9.579134562995401211e+03 -6.190111193075581564e-18
9.581824449090607231e+03 -1.917680710061819163e-19
9.584514335185813252e+03 1.106927100299512498e-17
9.587204221281019272e+03 2.459197213613663956e-17
9.589894107376225293e+03 2.774299835674236598e-17
9.592583993471431313e+03 2.763719846622776257e-17
9.595273879566637333e+03 1.659728801162298410e-17
9.597963765661843354e+03 4.108599661886116178e-18
9.600653651757049374e+03 1.413515915974405490e-18
9.603343537852255395e+03 -4.781764946887934656e-18
9.606033423947461415e+03 1.566810090504899301e-17
9.608723310042667435e+03 2.458798928987731464e-17
9.611413196137873456e+03 4.925022851097456745e-17
9.614103082233079476e+03 4.124755806658517103e-17
9.616792968328285497e+03 1.644578534048005073e-17
9.619482854423491517e+03 -1.478758113959281814e-17
9.622172740518697537e+03 -3.637231618266819065e-17
9.624862626613903558e+03 -4.650877149280421517e-17
9.627552512709109578e+03 -3.329926249462648008e-17
9.630242398804315599e+03 -4.209642810502893384e-18
9.632932284899521619e+03 2.110088659453279180e-17
9.635622170994727639e+03 4.498772957436507635e-17
9.638312057089933660e+03 4.895023178502544694e-17
9.641001943185139680e+03 4.390154540213589933e-17
9.643691829280345701e+03 3.079135307444697679e-17
9.646381715375551721e+03 4.303919328374140705e-18
9.649071601470757741e+03 -9.824848526304288506e-18
9.651761487565963762e+03 -3.695236047120934022e-18
9.654451373661169782e+03 6.141470626291765814e-18
9.657141259756375803e+03 1.379648678343645229e-17
9.659831145851581823e+03 4.231799808193617836e-18
9.662521031946787843e+03 -3.349871515725292562e-18
9.665210918041993864e+03 -6.752103108135689862e-18
9.667900804137199884e+03 -2.529900623598776226e-17
9.670590690232405905e+03 -1.956155176250350316e-17
9.673280576327611925e+03 -2.522455388939023788e-18
9.675970462422817945e+03 8.891508186116048868e-18
9.678660348518023966e+03 2.649770950803019839e-17
9.681350234613229986e+03 3.959794782881218758e-17
9.684040120708436007e+03 3.974518911359939789e-17
9.686730006803642027e+03 2.772097075902089012e-17
9.689419892898848047e+03 1.099839998124488625e-18
9.692109778994054068e+03 -2.378691003982719093e-19
9.694799665089260088e+03 7.049646309418911576e-18
9.697489551184466109e+03 1.747637520195519755e-17
9.700179437279672129e+03 2.106494440544343425e-17
9.702869323374878149e+03 8.676480473805734496e-18
9.705559209470084170e+03 4.834782794315987197e-18
9.708249095565290190e+03 2.518479399064983822e-18
9.710938981660496211e+03 6.569730327435807544e-18
9.713628867755702231e+03 6.411506332823163339e-18
9.716318753850908251e+03 1.625676352284724814e-17
9.719008639946114272e+03 3.276004495886728186e-17
9.721698526041320292e+03 1.152176198256842490e-17
9.724388412136526313e+03 -1.102599995134409755e-17
9.727078298231732333e+03 -7.558319255937532152e-18
9.729768184326938353e+03 -1.438218400125541871e-17
9.732458070422144374e+03 -1.306096791113244810e-17
9.735147956517350394e+03 -3.219907570387283983e-18
9.737837842612556415e+03 -2.873060805115384584e-18
9.740527728707762435e+03 1.534003991306823175e-18
9.743217614802968455e+03 1.256352697116082623e-17
9.745907500898174476e+03 1.050094910927829895e-17
9.748597386993380496e+03 5.717859148083423960e-18
9.751287273088586517e+03 -4.696170224774722697e-18
9.753977159183792537e+03 6.829853501531714165e-18
9.756667045278998557e+03 8.366395438126548767e-18
9.759356931374204578e+03 7.764927037639712411e-18
9.762046817469410598e+03 1.244360368468001198e-17
9.764736703564616619e+03 7.704681081249479609e-18
9.767426589659822639e+03 -9.195481055632534228e-18
9.770116475755028659e+03 -2.416616252889523302e-17
9.772806361850234680e+03 -4.925895056004787011e-17
9.775496247945440700e+03 -2.801618697208125945e-17
9.778186134040646721e+03 -7.360420313170968519e-18
9.780876020135852741e+03 -1.108065871430938080e-18
9.783565906231058761e+03 4.272564415653946419e-19
9.786255792326264782e+03 -4.919172749841082854e-18
9.788945678421470802e+03 -5.598627999411254784e-19
9.791635564516676823e+03 -3.760936605888898060e-20
9.794325450611882843e+03 5.043687969110140645e-18
9.797015336707088863e+03 1.600408089560871548e-17
9.799705222802294884e+03 1.564419766138614312e-17
9.802395108897500904e+03 6.373067472579904143e-19
9.805084994992706925e+03 -1.193618152499052671e-17
9.807774881087912945e+03 -1.815625280917126144e-17
9.810464767183118965e+03 -2.600236500385343738e-17
9.813154653278324986e+03 -5.847307193652160510e-18
9.815844539373531006e+03 -6.153135867171372915e-18
9.818534425468737027e+03 1.760898127168873254e-18
9.821224311563943047e+03 5.863466387607842005e-18
9.823914197659149067e+03 7.460237647648346148e-18
9.826604083754355088e+03 1.807465025150210502e-17
9.829293969849561108e+03 1.985338712148172096e-17
9.831983855944767129e+03 1.744628285463199414e-17
9.834673742039973149e+03 1.450766883342353032e-17
9.837363628135179169e+03 1.778686977089853953e-17
9.840053514230385190e+03 1.222542902137411628e-17
9.842743400325591210e+03 3.139723425267306850e-18
9.845433286420797231e+03 -3.593715784162679227e-18
9.848123172516003251e+03 -5.680523159425420369e-18
9.850813058611209271e+03 -3.254565517601859821e-18
9.853502944706415292e+03 6.632401135827327658e-18
9.856192830801621312e+03 2.643214996250531790e-17
9.858882716896827333e+03 4.430672018700693286e-17
9.861572602992033353e+03 3.880127379375556473e-17
9.864262489087239373e+03 4.438487018297881788e-17
9.866952375182445394e+03 3.289497527693668442e-17
9.869642261277651414e+03 3.863628197662234530e-17
9.872332147372857435e+03 2.208243506409082430e-17
9.875022033468063455e+03 7.453378240751349466e-18
9.877711919563269475e+03 3.378838199297553333e-18
9.880401805658475496e+03 -4.337616468342862008e-18
9.883091691753681516e+03 -1.612396321840994612e-17
9.885781577848887537e+03 -1.838586503244548569e-17
9.888471463944093557e+03 -1.094485932528809408e-17
9.891161350039299577e+03 -1.736760258576888677e-18
9.893851236134505598e+03 8.321830188735035399e-18
9.896541122229711618e+03 1.015309737374737040e-17
9.899231008324917639e+03 1.581442568320624634e-17
9.901920894420123659e+03 1.127256788374621689e-17
9.904610780515329679e+03 7.334967742729335411e-18
9.907300666610535700e+03 -1.259361177955445946e-18
9.909990552705741720e+03 -5.383748499709680998e-18
9.912680438800947741e+03 -1.320340940422294550e-17
9.915370324896153761e+03 -1.998492275743821563e-17
9.918060210991359781e+03 -9.791701751337712782e-18
9.920750097086565802e+03 1.616818937618202369e-17
9.923439983181771822e+03 2.859672389790243114e-17
9.926129869276977843e+03 3.078702388565916179e-17
9.928819755372183863e+03 2.253025296056997792e-17
9.931509641467389883e+03 3.914766970845657004e-18
9.934199527562595904e+03 1.705103330613753138e-18
9.936889413657801924e+03 3.713104155332062740e-18
9.939579299753007945e+03 -2.331228919951095825e-18
9.942269185848213965e+03 -8.750359202297745461e-18
9.944959071943419985e+03 -7.110534071920150973e-18
9.947648958038626006e+03 1.198557460260828245e-18
9.950338844133832026e+03 3.211563471117667580e-18
9.953028730229038047e+03 4.128499581432019956e-18
9.955718616324244067e+03 6.621889569291065081e-19
9.958408502419450087e+03 -7.350815214275520325e-18
9.961098388514656108e+03 -7.868192635465694553e-18
9.963788274609862128e+03 -4.361394624957239233e-18
9.966478160705068149e+03 -1.358473883503102980e-18
9.969168046800274169e+03 -1.222032020810710841e-18
9.971857932895480189e+03 1.576291889409615637e-17
9.974547818990686210e+03 1.524062112483401132e-17
9.977237705085892230e+03 1.431649527104271256e-17
9.979927591181098251e+03 1.124522580819756022e-17
9.982617477276304271e+03 4.664932325885226439e-18
9.985307363371510291e+03 5.762195875134568133e-18
9.987997249466716312e+03 1.846067832778073013e-18
9.990687135561922332e+03 -1.278287550267960912e-18
9.993377021657128353e+03 4.733276533085339424e-18
9.996066907752334373e+03 1.084842727158711336e-17
9.998756793847540393e+03 9.584080468420481241e-18
